0 1 0 1
1 1 0 1
3 1 0 1
6 1 0 1
7 1 0 1
8 1 0 1
10 1 0 1
12 1 0 1
13 1 0 1
14 1 0 1
15 1 0 1
16 1 0 1
18 1 0 1
20 1 0 1
21 1 0 1
22 1 0 1
23 1 0 1
24 1 0 1
26 1 0 1
28 1 0 1
29 1 0 1
30 1 0 1
32 1 0 1
33 1 0 1
34 1 0 1
36 1 0 1
37 1 0 1
40 1 0 1
41 1 0 1
43 1 0 1
47 1 0 1
50 1 0 1
51 1 0 1
53 1 0 1
54 1 0 1
57 1 0 1
58 1 0 1
60 1 0 1
61 1 0 1
63 1 0 1
64 1 0 1
65 1 0 1
67 1 0 1
69 1 0 1
72 1 0 1
73 1 0 1
74 1 0 1
78 1 0 1
81 1 0 1
82 1 0 1
83 1 0 1
84 1 0 1
85 1 0 1
86 1 0 1
87 1 0 1
88 1 0 1
89 1 0 1
91 1 0 1
93 1 0 1
96 1 0 1
98 1 0 1
101 1 0 1
104 1 0 1
106 1 0 1
107 1 0 1
111 1 0 1
113 1 0 1
114 1 0 1
116 1 0 1
117 1 0 1
118 1 0 1
120 1 0 1
126 1 0 1
132 1 0 1
135 1 0 1
136 1 0 1
137 1 0 1
140 1 0 1
141 1 0 1
143 1 0 1
144 1 0 1
147 1 0 1
149 2 0 2
151 1 0 1
154 1 0 1
155 1 0 1
156 1 0 1
158 1 0 1
165 1 0 1
166 1 0 1
167 1 0 1
168 1 0 1
170 1 0 1
174 1 0 1
175 1 0 1
180 1 0 1
182 1 0 1
183 2 0 2
184 4 0 4
189 1 0 1
196 1 0 1
204 1 0 1
205 1 0 1
207 3 0 3
208 1 0 1
210 1 0 1
213 1 0 1
222 1 0 1
224 1 0 1
226 1 0 1
228 19 0 19
229 1 0 1
231 1 0 1
237 1 0 1
240 1 0 1
248 2 0 2
251 1 0 1
252 2 0 2
254 1 0 1
256 1 0 1
260 1 0 1
266 1 0 1
269 1 0 1
279 1 0 1
282 1 0 1
285 1 0 1
289 1 0 1
292 1 0 1
308 2 0 2
310 1 0 1
314 1 0 1
317 1 0 1
319 1 0 1
329 1 0 1
334 10 0 10
335 1 0 1
339 1 0 1
340 14 0 14
343 2 0 2
345 1 0 1
351 1 0 1
353 1 0 1
354 1 0 1
357 3 0 3
358 6 0 6
366 2 0 2
367 1 0 1
369 1 0 1
371 2 0 2
379 1 0 1
387 1 0 1
388 1 0 1
390 1 0 1
391 4 0 4
394 1 0 1
408 1 0 1
415 1 0 1
418 1 0 1
422 1 0 1
427 1 0 1
430 3 0 3
434 1 0 1
436 1 0 1
441 2 0 2
443 1 0 1
447 2 0 2
459 1 0 1
460 3 0 3
467 2 0 2
468 2 0 2
471 1 0 1
473 1 0 1
482 1 0 1
486 1 0 1
488 1 0 1
490 9 0 9
507 1 0 1
509 1 0 1
511 1 0 1
513 1 1 0
516 1 0 1
517 1 0 1
521 1 0 1
522 1 0 1
523 1 0 1
524 2 0 2
525 1 0 1
526 1 0 1
528 4 0 4
529 2 0 2
533 1 0 1
537 1 0 1
542 1 0 1
545 1 0 1
551 1 0 1
553 2 0 2
557 1 0 1
565 1 0 1
566 1 0 1
568 2 0 2
570 1 0 1
572 1 0 1
581 1 0 1
587 2 0 2
591 1 0 1
596 1 0 1
603 1 0 1
605 1 0 1
612 2 0 2
624 1 0 1
629 1 0 1
630 1 0 1
631 1 0 1
653 1 0 1
669 1 0 1
670 2 0 2
673 1 0 1
675 1 0 1
685 1 0 1
690 1 0 1
700 4 0 4
703 1 0 1
713 3 0 3
717 1 0 1
719 1 0 1
720 1 0 1
730 1 0 1
737 1 0 1
744 1 0 1
746 1 0 1
751 1 0 1
759 1 0 1
765 1 0 1
773 2 0 2
776 1 0 1
781 7 0 7
788 1 0 1
793 1 0 1
801 1 0 1
803 1 0 1
805 1 0 1
811 1 0 1
817 1 0 1
818 1 0 1
819 1 0 1
831 1 0 1
835 1 1 0
838 1 0 1
851 1 0 1
853 1 0 1
854 1 0 1
872 1 0 1
874 1 0 1
877 1 0 1
879 1 0 1
880 1 0 1
881 2 0 2
884 1 0 1
895 1 0 1
900 8 0 8
903 1 0 1
908 1 0 1
909 1 0 1
910 1 0 1
914 1 0 1
915 1 0 1
921 1 0 1
928 1 0 1
932 1 0 1
934 1 0 1
946 1 0 1
948 1 0 1
962 4 0 4
971 19 0 19
980 1 0 1
987 1 0 1
1000 1 0 1
1001 1 0 1
1002 1 0 1
1003 1 0 1
1004 1 0 1
1005 1 0 1
1006 1 0 1
1007 1 0 1
1008 2 0 2
1009 1 0 1
1010 1 0 1
1011 1 0 1
1012 1 0 1
1013 1 0 1
1014 1 0 1
1015 1 0 1
1016 1 0 1
1017 1 0 1
1018 1 0 1
1020 1 0 1
1021 1 0 1
1022 1 0 1
1025 1 0 1
1026 1 0 1
1028 1 0 1
1029 3 0 3
1031 1 0 1
1033 2 0 2
1036 1 0 1
1039 2 0 2
1042 1 0 1
1043 1 0 1
1044 1 0 1
1047 1 0 1
1049 3 0 3
1051 1 0 1
1052 1 0 1
1053 1 0 1
1055 1 0 1
1056 1 0 1
1061 1 0 1
1066 1 0 1
1070 1 0 1
1071 2 0 2
1073 2 1 1
1077 2 0 2
1078 3 0 3
1094 1 0 1
1095 1 0 1
1099 1 0 1
1101 1 0 1
1107 1 0 1
1109 4 0 4
1112 1 0 1
1114 1 0 1
1121 2 0 2
1124 1 0 1
1125 1 0 1
1128 1 0 1
1134 1 1 0
1144 1 0 1
1152 1 0 1
1153 1 0 1
1155 1 0 1
1156 1 0 1
1161 1 1 0
1164 1 0 1
1178 1 0 1
1195 2 0 2
1197 1 0 1
1201 1 0 1
1207 1 0 1
1228 1 0 1
1232 1 0 1
1250 2 0 2
1252 1 0 1
1253 1 0 1
1256 1 0 1
1262 1 0 1
1278 2 0 2
1284 1 0 1
1316 1 0 1
1337 1 0 1
1357 1 0 1
1364 2 0 2
1383 1 0 1
1393 1 0 1
1411 1 0 1
1412 1 0 1
1435 1 0 1
1451 1 0 1
1453 1 0 1
1457 1 0 1
1471 1 0 1
1498 3 0 3
1500 1 0 1
1503 3 0 3
1507 6 0 6
1519 1 0 1
1527 6 0 6
1530 1 0 1
1540 3 0 3
1554 4 0 4
1561 1 0 1
1583 1 0 1
1589 1 0 1
1627 3 0 3
1628 2 0 2
1630 1 0 1
1631 2 1 1
1644 2 0 2
1646 1 0 1
1653 1 0 1
1664 1 0 1
1666 1 0 1
1672 1 0 1
1676 1 0 1
1679 1 0 1
1712 2 0 2
1740 1 0 1
1748 1 0 1
1774 1 0 1
1780 1 0 1
1784 1 0 1
1792 1 0 1
1816 1 0 1
1829 1 0 1
1841 1 0 1
1846 1 0 1
1847 4 0 4
1855 1 0 1
1864 2 0 2
1883 1 0 1
1892 1 0 1
1927 1 0 1
1928 1 0 1
2000 1 0 1
2001 1 0 1
2002 1 0 1
2003 1 0 1
2004 1 0 1
2005 1 0 1
2006 1 0 1
2008 1 1 0
2009 1 0 1
2010 1 0 1
2011 1 0 1
2012 1 0 1
2013 1 0 1
2014 1 0 1
2016 1 0 1
2019 1 0 1
2020 1 0 1
2022 1 0 1
2023 1 0 1
2024 4 0 4
2025 1 0 1
2027 1 1 0
2030 1 0 1
2031 1 0 1
2032 1 0 1
2037 1 0 1
2038 1 0 1
2039 1 0 1
2046 1 0 1
2051 1 0 1
2055 2 0 2
2056 1 0 1
2058 1 0 1
2063 2 0 2
2064 1 0 1
2069 1 0 1
2072 5 0 5
2084 1 0 1
2088 1 0 1
2090 1 0 1
2092 1 0 1
2093 1 0 1
2101 1 0 1
2102 1 0 1
2108 1 0 1
2115 1 0 1
2119 1 0 1
2124 5 0 5
2127 1 0 1
2134 1 0 1
2138 1 0 1
2143 1 0 1
2146 2 0 2
2154 1 0 1
2158 1 0 1
2160 1 0 1
2164 1 0 1
2167 1 0 1
2170 1 0 1
2174 1 0 1
2186 1 0 1
2187 1 0 1
2198 1 0 1
2200 1 0 1
2201 3 0 3
2202 1 0 1
2203 1 0 1
2209 1 0 1
2210 1 0 1
2218 1 0 1
2225 2 0 2
2240 1 0 1
2244 1 0 1
2260 2 0 2
2264 1 0 1
2267 1 0 1
2271 1 0 1
2278 1 0 1
2297 4 0 4
2307 1 0 1
2332 1 0 1
2353 1 0 1
2354 1 0 1
2380 1 0 1
2384 1 0 1
2389 2 0 2
2390 1 0 1
2394 1 0 1
2412 1 0 1
2436 1 0 1
2439 30 0 30
2446 1 0 1
2458 1 0 1
2466 1 0 1
2468 2 0 2
2491 1 0 1
2507 1 0 1
2509 24 0 24
2512 27 0 27
2570 1 0 1
2576 1 0 1
2589 1 0 1
2595 1 0 1
2622 1 0 1
2647 1 0 1
2661 1 0 1
2675 1 0 1
2713 1 0 1
2719 1 0 1
2726 4 0 4
2735 4 0 4
2736 1 0 1
2738 1 0 1
2763 1 0 1
2772 1 0 1
2778 3 0 3
2786 14 0 14
2797 1 0 1
2806 1 0 1
2814 1 0 1
2816 1 0 1
2838 15 0 15
2848 1 0 1
2853 1 0 1
2858 1 0 1
2863 1 0 1
2900 1 0 1
2910 2 0 2
2917 1 0 1
2918 1 0 1
2927 1 0 1
2939 1 0 1
2950 1 0 1
2957 1 0 1
2969 1 0 1
2988 1 0 1
3000 1 0 1
3001 1 0 1
3002 1 0 1
3003 1 1 0
3005 1 0 1
3006 1 0 1
3007 2 0 2
3008 1 0 1
3010 1 0 1
3012 1 0 1
3013 1 0 1
3014 1 0 1
3016 1 0 1
3018 1 0 1
3019 1 0 1
3020 1 0 1
3021 1 0 1
3023 1 0 1
3024 1 0 1
3025 1 0 1
3027 1 1 0
3028 1 0 1
3029 1 1 0
3032 1 0 1
3033 1 0 1
3035 1 0 1
3036 1 1 0
3039 1 0 1
3041 1 0 1
3044 2 0 2
3045 1 0 1
3046 1 0 1
3048 6 0 6
3050 2 0 2
3051 1 0 1
3053 1 0 1
3054 1 0 1
3055 2 0 2
3056 3 0 3
3057 1 0 1
3058 1 0 1
3060 1 0 1
3062 1 0 1
3063 1 0 1
3064 1 0 1
3066 1 0 1
3068 1 0 1
3069 1 0 1
3070 1 0 1
3074 1 0 1
3075 1 0 1
3077 1 0 1
3080 1 0 1
3081 1 0 1
3082 1 0 1
3083 1 0 1
3084 1 0 1
3088 5 0 5
3089 1 0 1
3090 2 0 2
3092 2 0 2
3095 1 0 1
3100 1 0 1
3102 1 0 1
3103 2 0 2
3104 2 0 2
3105 1 0 1
3107 1 0 1
3108 1 0 1
3111 8 0 8
3114 1 0 1
3115 1 0 1
3120 1 0 1
3124 1 0 1
3125 1 0 1
3129 1 0 1
3130 1 0 1
3131 1 0 1
3132 1 0 1
3135 1 0 1
3139 1 0 1
3141 1 0 1
3144 1 0 1
3145 1 0 1
3146 1 0 1
3147 1 0 1
3151 1 0 1
3152 1 0 1
3161 1 0 1
3163 2 0 2
3165 1 0 1
3167 1 0 1
3169 1 0 1
3170 1 0 1
3175 1 0 1
3176 1 0 1
3178 1 0 1
3179 1 0 1
3180 1 0 1
3182 2 0 2
3185 1 0 1
3190 1 0 1
3192 1 0 1
3193 3 0 3
3194 3 0 3
3195 2 0 2
3200 2 0 2
3207 1 0 1
3208 1 0 1
3211 1 0 1
3212 1 0 1
3216 1 0 1
3221 1 0 1
3222 1 0 1
3225 1 0 1
3229 3 0 3
3230 1 0 1
3241 1 0 1
3243 1 0 1
3244 1 0 1
3257 1 0 1
3258 1 0 1
3261 1 0 1
3266 2 0 2
3268 1 0 1
3274 1 0 1
3275 1 0 1
3280 1 0 1
3281 2 0 2
3282 1 0 1
3283 1 0 1
3285 1 0 1
3287 3 0 3
3288 5 0 5
3291 2 0 2
3292 3 0 3
3293 1 0 1
3298 1 0 1
3299 2 0 2
3301 1 0 1
3304 1 0 1
3306 1 0 1
3310 1 0 1
3316 1 0 1
3317 2 0 2
3324 1 0 1
3335 1 0 1
3337 1 0 1
3341 1 0 1
3342 1 0 1
3347 1 0 1
3350 1 0 1
3351 2 0 2
3353 3 0 3
3355 1 0 1
3358 4 0 4
3359 1 0 1
3365 1 0 1
3368 1 0 1
3369 1 0 1
3374 1 0 1
3380 1 0 1
3381 3 0 3
3383 1 0 1
3385 1 0 1
3392 1 0 1
3395 1 0 1
3400 2 0 2
3404 1 1 0
3406 1 0 1
3408 1 0 1
3410 1 0 1
3414 1 0 1
3415 1 0 1
3418 1 0 1
3424 2 0 2
3428 1 0 1
3429 1 0 1
3430 1 0 1
3433 1 0 1
3435 11 0 11
3439 1 0 1
3440 1 0 1
3442 1 0 1
3444 1 0 1
3447 1 0 1
3450 1 0 1
3451 1 0 1
3459 1 0 1
3470 1 0 1
3473 1 0 1
3475 1 0 1
3476 1 0 1
3480 1 0 1
3482 2 0 2
3485 2 0 2
3486 1 0 1
3494 2 0 2
3495 2 0 2
3501 2 0 2
3505 1 0 1
3517 2 0 2
3522 1 0 1
3523 1 0 1
3525 1 0 1
3526 1 0 1
3527 1 0 1
3530 2 0 2
3532 1 0 1
3534 1 0 1
3537 1 0 1
3538 1 0 1
3541 1 0 1
3542 1 0 1
3545 1 0 1
3546 1 0 1
3547 1 0 1
3552 1 0 1
3554 1 0 1
3556 1 0 1
3562 1 0 1
3564 7 0 7
3565 1 0 1
3567 1 0 1
3568 1 0 1
3572 1 0 1
3573 1 0 1
3578 2 0 2
3579 1 0 1
3582 1 0 1
3584 1 1 0
3588 1 0 1
3595 3 0 3
3599 1 0 1
3601 1 0 1
3607 1 0 1
3609 1 1 0
3610 1 0 1
3613 3 0 3
3621 1 0 1
3623 1 0 1
3624 1 0 1
3628 10 0 10
3630 2 0 2
3637 1 0 1
3639 1 0 1
3640 1 0 1
3641 1 0 1
3643 1 0 1
3646 1 0 1
3658 17 0 17
3661 1 0 1
3667 1 0 1
3669 2 0 2
3683 1 0 1
3692 71 0 71
3703 1 0 1
3705 1 0 1
3711 2 0 2
3714 1 0 1
3715 1 0 1
3719 1 0 1
3735 1 0 1
3737 1 0 1
3738 1 0 1
3743 1 0 1
3753 1 0 1
3754 1 0 1
3755 1 0 1
3756 1 0 1
3757 1 0 1
3761 1 0 1
3775 1 0 1
3787 1 0 1
3788 1 0 1
3794 1 0 1
3795 1 0 1
3796 2 0 2
3801 1 0 1
3804 1 0 1
3807 1 0 1
3808 1 0 1
3810 1 0 1
3813 1 0 1
3816 1 0 1
3819 1 0 1
3830 1 0 1
3836 1 0 1
3847 1 0 1
3849 1 0 1
3852 1 0 1
3853 1 0 1
3856 1 0 1
3859 1 0 1
3868 1 0 1
3872 1 0 1
3873 1 0 1
3884 1 0 1
3885 1 0 1
3888 1 0 1
3903 1 0 1
3904 1 0 1
3920 1 0 1
3921 1 0 1
3922 1 0 1
3931 1 0 1
3940 1 0 1
3947 1 0 1
3957 1 0 1
3959 1 0 1
3964 1 0 1
3967 1 0 1
3976 1 0 1
3978 1 0 1
3982 20 0 20
3992 1 0 1
3995 1 0 1
4000 1 0 1
4001 1 0 1
4002 1 1 0
4003 1 0 1
4004 1 0 1
4006 1 0 1
4007 1 0 1
4010 1 0 1
4011 2 0 2
4012 1 0 1
4013 1 0 1
4016 1 0 1
4019 1 0 1
4023 1 0 1
4026 1 0 1
4027 2 0 2
4032 4 0 4
4035 1 0 1
4038 1 0 1
4042 2 0 2
4043 1 0 1
4046 1 0 1
4060 1 0 1
4069 1 0 1
4070 1 0 1
4074 1 0 1
4089 1 0 1
4096 1 0 1
4100 1 0 1
4106 24 0 24
4114 1 0 1
4120 4 0 4
4122 1 0 1
4126 1 0 1
4129 1 0 1
4130 1 0 1
4132 12 0 12
4133 4 0 4
4137 5 0 5
4149 1 0 1
4150 1 0 1
4165 1 0 1
4166 1 0 1
4172 1 0 1
4173 1 0 1
4174 2 0 2
4178 1 0 1
4181 31 0 31
4183 1 0 1
4185 1 0 1
4186 1 0 1
4187 3 0 3
4188 1 0 1
4191 1 0 1
4199 1 0 1
4201 1 0 1
4203 1 1 0
4204 1 0 1
4222 1 0 1
4226 1 0 1
4227 1 0 1
4228 1 0 1
4240 1 0 1
4242 1 0 1
4243 1 0 1
4249 1 0 1
4254 1 0 1
4258 1 1 0
4262 1 1 0
4274 1 0 1
4277 1 1 0
4302 18 0 18
4303 1 0 1
4309 1 0 1
4318 1 0 1
4319 1 0 1
4326 2 1 1
4331 9 0 9
4332 20 0 20
4334 1 0 1
4335 1 0 1
4341 12 0 12
4344 1 0 1
4348 1 0 1
4360 2 1 1
4368 2 0 2
4374 1 0 1
4377 1 0 1
4381 1 0 1
4390 1 0 1
4391 2 0 2
4397 1 0 1
4405 1 0 1
4406 2 0 2
4411 1 0 1
4415 2 0 2
4416 1 0 1
4422 14 0 14
4426 7 0 7
4430 1 0 1
4451 18 1 17
4464 1 0 1
4469 1 0 1
4489 2 0 2
4491 2 0 2
4497 2 0 2
4498 1 0 1
4509 1 0 1
4510 1 0 1
4515 2 0 2
4517 1 0 1
4521 1 0 1
4524 2 0 2
4525 1 0 1
4537 1 0 1
4538 1 0 1
4545 1 0 1
4549 1 0 1
4563 1 0 1
4565 1 0 1
4569 1 0 1
4575 1 1 0
4583 1 0 1
4586 1 0 1
4587 1 0 1
4604 1 0 1
4611 1 0 1
4612 1 0 1
4615 1 0 1
4616 1 0 1
4625 1 0 1
4630 1 0 1
4634 6 0 6
4643 1 0 1
4645 1 0 1
4648 1 0 1
4649 1 0 1
4653 5 0 5
4658 3 0 3
4674 1 0 1
4702 1 0 1
4714 1 0 1
4717 1 0 1
4718 1 0 1
4720 4 0 4
4721 1 0 1
4725 1 0 1
4726 1 0 1
4745 2 0 2
4746 1 0 1
4750 1 0 1
4759 1 0 1
4771 1 0 1
4773 1 0 1
4775 1 0 1
4776 1 0 1
4783 1 0 1
4785 2 0 2
4797 1 0 1
4815 1 0 1
4818 1 0 1
4823 1 0 1
4838 1 0 1
4843 1 0 1
4848 2 0 2
4854 1 0 1
4866 1 0 1
4878 4 0 4
4880 1 0 1
4882 1 0 1
4898 1 0 1
4910 1 0 1
4917 2 0 2
4918 1 1 0
4924 1 0 1
4936 1 0 1
4961 1 0 1
4983 1 0 1
4986 1 0 1
5000 1 0 1
5001 2 0 2
5002 1 0 1
5004 1 1 0
5005 1 0 1
5006 1 0 1
5007 1 0 1
5008 1 0 1
5009 1 0 1
5010 1 0 1
5011 1 1 0
5012 1 0 1
5013 6 0 6
5015 1 0 1
5021 1 0 1
5023 1 0 1
5027 2 0 2
5028 1 0 1
5032 1 0 1
5033 4 0 4
5037 1 0 1
5038 3 0 3
5041 1 0 1
5042 2 0 2
5047 1 0 1
5048 2 0 2
5049 1 0 1
5050 1 0 1
5053 1 1 0
5055 2 0 2
5057 2 0 2
5058 1 0 1
5062 1 0 1
5063 1 0 1
5069 1 0 1
5072 1 1 0
5075 2 0 2
5077 1 0 1
5079 1 0 1
5080 1 0 1
5083 1 0 1
5088 1 0 1
5090 1 0 1
5091 1 0 1
5092 1 0 1
5102 1 0 1
5104 1 0 1
5122 1 0 1
5125 1 0 1
5128 1 0 1
5134 1 0 1
5141 4 0 4
5144 3 0 3
5147 1 0 1
5148 2 0 2
5149 1 0 1
5155 1 0 1
5159 1 0 1
5162 2 0 2
5164 1 0 1
5172 1 0 1
5174 1 0 1
5179 1 0 1
5185 1 0 1
5191 1 0 1
5197 1 0 1
5204 1 1 0
5210 1 0 1
5221 1 0 1
5223 1 0 1
5224 1 0 1
5257 2 0 2
5261 3 0 3
5266 7 0 7
5267 1 0 1
5271 1 0 1
5286 1 0 1
5296 1 0 1
5301 1 0 1
5308 1 0 1
5314 1 0 1
5328 1 0 1
5330 1 0 1
5331 1 0 1
5339 1 0 1
5344 1 0 1
5347 2 0 2
5351 2 0 2
5352 1 0 1
5353 1 0 1
5365 1 0 1
5384 1 0 1
5398 2 0 2
5406 1 0 1
5435 1 0 1
5449 1 0 1
5486 2 0 2
5492 1 0 1
5501 1 0 1
5506 1 0 1
5510 1 0 1
5534 1 0 1
5563 1 0 1
5592 1 0 1
5642 20273 24 20249
5681 1 0 1
5730 1 0 1
5732 2 0 2
5734 2 0 2
5756 1 0 1
5808 1 0 1
5811 1 0 1
5854 1 0 1
5880 1 0 1
5882 1 0 1
5985 1 0 1
5998 1 0 1
6000 1 0 1
6001 1 0 1
6002 2 0 2
6003 1 0 1
6004 1 1 0
6005 3 0 3
6006 1 1 0
6007 1 1 0
6009 1 1 0
6013 1 0 1
6014 1 0 1
6015 1 0 1
6016 1 1 0
6017 1 1 0
6020 1 0 1
6023 1 0 1
6025 1 0 1
6027 2 0 2
6028 1 0 1
6030 1 0 1
6032 2 0 2
6035 1 0 1
6036 1 0 1
6037 1 0 1
6038 1 0 1
6042 1 0 1
6043 1 0 1
6045 1 0 1
6046 1 0 1
6051 1 0 1
6053 1 0 1
6054 1 0 1
6055 1 0 1
6057 1 0 1
6059 1 0 1
6062 1 0 1
6063 1 0 1
6065 1 0 1
6067 1 0 1
6071 1 0 1
6072 8 0 8
6074 2 0 2
6081 2 0 2
6084 1 0 1
6087 1 0 1
6088 1 0 1
6089 1 0 1
6095 1 0 1
6101 1 0 1
6102 1 0 1
6113 2 0 2
6115 1 0 1
6119 4 0 4
6126 1 0 1
6128 2 0 2
6135 46 0 46
6137 8 0 8
6149 7 0 7
6173 1 0 1
6181 2 0 2
6186 1 0 1
6209 1 0 1
6212 1 0 1
6218 1 0 1
6222 4 0 4
6227 1 0 1
6235 1 0 1
6245 2 0 2
6246 1 0 1
6255 2 1 1
6256 1 0 1
6257 1 0 1
6262 1 0 1
6267 3 0 3
6270 59 0 59
6272 1 0 1
6278 1 0 1
6281 1 0 1
6285 1 0 1
6286 1 0 1
6287 1 0 1
6289 2 0 2
6290 1 0 1
6293 1 1 0
6298 1 0 1
6302 3 0 3
6303 1 0 1
6304 1 0 1
6305 10 0 10
6309 1 1 0
6313 1 1 0
6317 1 0 1
6320 1 0 1
6325 1 0 1
6327 1 0 1
6329 1 0 1
6331 1 0 1
6339 5 0 5
6348 1 0 1
6358 1 0 1
6369 2 0 2
6375 1 0 1
6379 1 0 1
6383 1 0 1
6398 1 0 1
6401 1 0 1
6404 3 0 3
6405 1 0 1
6415 1 0 1
6432 2 0 2
6434 1 0 1
6435 1 0 1
6439 1 0 1
6455 1 0 1
6460 1 0 1
6461 1 1 0
6462 1 0 1
6467 6 1 5
6473 1 0 1
6486 2 0 2
6488 1 0 1
6489 71 0 71
6490 3 0 3
6492 1 0 1
6495 2 0 2
6497 17 0 17
6512 1 0 1
6513 1 0 1
6514 1 0 1
6522 1 0 1
6532 1 0 1
6535 4 0 4
6537 1 0 1
6541 1 0 1
6545 1 0 1
6552 1 0 1
6556 1 0 1
6561 1 0 1
6573 2 0 2
6578 1 0 1
6583 1 0 1
6588 1 0 1
6593 1 0 1
6601 37 0 37
6628 1 0 1
6648 1 0 1
6649 1 0 1
6658 6 0 6
6660 1 0 1
6669 2 0 2
6673 1 0 1
6676 1 0 1
6678 2 0 2
6681 1 0 1
6686 2 0 2
6689 1 0 1
6691 2 0 2
6709 1 0 1
6722 3 0 3
6761 1 0 1
6769 1 0 1
6771 51 0 51
6774 3 0 3
6782 1 0 1
6794 1 0 1
6802 1 0 1
6803 1 0 1
6818 5 0 5
6821 1 0 1
6824 5 0 5
6831 1 0 1
6845 1 0 1
6846 1 0 1
6851 1 0 1
6879 1 0 1
6890 5 0 5
6892 1 0 1
6896 1 0 1
6900 1 0 1
6901 1 0 1
6903 2 0 2
6910 1 0 1
6916 4 0 4
6920 1 0 1
6935 1 0 1
6946 1 0 1
6952 1 0 1
6965 1 0 1
6993 1 0 1
6997 1 0 1
7000 1 0 1
7001 1 1 0
7002 2 0 2
7004 1 0 1
7005 1 0 1
7006 1 1 0
7008 1 0 1
7009 1 0 1
7011 1 1 0
7014 1 0 1
7021 6 0 6
7022 1 0 1
7023 1 0 1
7024 1 0 1
7027 1 0 1
7028 1 0 1
7029 1 0 1
7030 1 0 1
7031 1 0 1
7032 1 0 1
7033 1 0 1
7038 1 0 1
7039 1 0 1
7041 1 0 1
7043 1 0 1
7044 1 0 1
7045 1 0 1
7049 1 0 1
7050 1 0 1
7052 1 0 1
7053 1 0 1
7060 1 0 1
7066 1 0 1
7069 1 0 1
7070 1 0 1
7075 1 0 1
7076 1 0 1
7089 1 0 1
7091 3 0 3
7095 1 0 1
7102 1 0 1
7103 1 0 1
7104 1 0 1
7106 1 0 1
7107 1 0 1
7108 1 0 1
7118 1 0 1
7121 1 0 1
7125 1 0 1
7128 1 0 1
7129 1 0 1
7132 3 0 3
7137 2 0 2
7141 1 0 1
7145 3 0 3
7147 1 0 1
7153 1 0 1
7154 4 0 4
7161 1 0 1
7164 1 0 1
7177 35 0 35
7187 1 0 1
7188 1 0 1
7192 1 0 1
7193 1 0 1
7201 1 0 1
7225 1 0 1
7226 4 0 4
7230 1 0 1
7233 2 0 2
7238 1 0 1
7242 1 0 1
7246 1 0 1
7247 1 0 1
7268 1 0 1
7269 1 0 1
7284 1 0 1
7287 3 0 3
7298 1 0 1
7310 1 0 1
7323 1 0 1
7332 1 0 1
7334 1 0 1
7346 1 0 1
7353 1 0 1
7358 1 0 1
7361 1 0 1
7368 1 0 1
7370 1 0 1
7386 1 0 1
7387 7 0 7
7404 1 0 1
7417 1 0 1
7418 1 0 1
7420 1 0 1
7429 1 0 1
7445 1 0 1
7451 1 0 1
7469 1 0 1
7476 1 0 1
7480 1 0 1
7498 1 0 1
7499 1 0 1
7501 2 0 2
7503 1 0 1
7505 1 0 1
7508 1 0 1
7522 1 0 1
7532 1 0 1
7541 1 0 1
7550 1 0 1
7551 1 0 1
7558 1 0 1
7583 1 0 1
7588 1 0 1
7589 1 0 1
7592 1 0 1
7595 2 0 2
7623 1 0 1
7627 1 0 1
7675 1 0 1
7684 2 0 2
7706 2 0 2
7710 1 0 1
7733 2 0 2
7735 1 0 1
7759 1 0 1
7767 1 0 1
7789 1 0 1
7797 1 0 1
7804 1 0 1
7817 1 0 1
7823 1 0 1
7825 1 0 1
7849 1 0 1
7861 1 0 1
7890 1 0 1
7911 1 0 1
7946 2 0 2
7949 1 0 1
7950 1 0 1
7952 1 0 1
7958 1 0 1
7959 1 0 1
7986 1 0 1
7989 1 0 1
8000 1 0 1
8001 1 0 1
8002 1 0 1
8003 1 1 0
8004 1 1 0
8005 1 0 1
8006 1 0 1
8007 1 0 1
8009 1 0 1
8010 1 0 1
8011 1 0 1
8012 1 0 1
8013 1 0 1
8016 1 0 1
8017 3 0 3
8018 3 0 3
8021 1 1 0
8022 1 0 1
8025 1 0 1
8027 1 0 1
8028 2 1 1
8034 1 0 1
8036 3 0 3
8037 1 0 1
8039 1 0 1
8040 2 0 2
8042 1 0 1
8045 1 0 1
8046 1 0 1
8047 1 0 1
8048 1 0 1
8049 1 0 1
8054 1 0 1
8056 1 1 0
8057 1 1 0
8058 1 1 0
8060 1 0 1
8062 1 1 0
8063 1 0 1
8064 1 0 1
8067 2 2 0
8082 1 0 1
8091 1 0 1
8096 1 0 1
8117 1 0 1
8124 1 0 1
8125 1 0 1
8130 17 0 17
8132 1 1 0
8134 1 0 1
8135 1 0 1
8137 1 0 1
8139 1 0 1
8152 1 0 1
8153 1 0 1
8156 35 0 35
8162 1 0 1
8168 1 0 1
8169 1 0 1
8172 1 0 1
8187 2 0 2
8189 1 0 1
8211 1 0 1
8218 2 0 2
8222 1 0 1
8233 1 0 1
8235 1 0 1
8238 1 0 1
8251 1 0 1
8267 2 0 2
8268 1 0 1
8269 1 0 1
8276 1 0 1
8312 1 0 1
8342 1 0 1
8466 22 0 22
8493 1 0 1
8526 1 0 1
8540 3 0 3
8544 3 0 3
8549 1 0 1
8564 1 0 1
8574 1 0 1
8581 1 0 1
8599 2 0 2
8606 1 0 1
8612 1 0 1
8637 12 0 12
8671 1 0 1
8672 1 0 1
8681 5 0 5
8695 1 0 1
8698 1 0 1
8703 1 0 1
8707 1 0 1
8714 2 0 2
8771 1 0 1
8774 11 0 11
8795 1 0 1
8797 1 0 1
8813 1 0 1
8844 1 0 1
8846 1 1 0
8886 1 0 1
8893 1 0 1
8905 1 0 1
8948 1 0 1
8952 2 0 2
8970 1 0 1
8983 1 0 1
8985 1 0 1
8990 1 0 1
9000 1 0 1
9001 1 0 1
9002 1 0 1
9003 1 0 1
9004 1 0 1
9005 1 0 1
9006 4 0 4
9007 1 0 1
9009 4 0 4
9011 6 0 6
9012 1 0 1
9013 1 0 1
9017 1 0 1
9018 1 0 1
9021 1 1 0
9022 1 0 1
9023 1 0 1
9024 1 1 0
9025 5 0 5
9026 2 0 2
9028 1 0 1
9029 1 0 1
9031 1 0 1
9032 1 0 1
9035 1 0 1
9036 1 0 1
9038 1 0 1
9041 1 0 1
9042 1 0 1
9043 1 0 1
9045 9 0 9
9048 1 0 1
9051 1 0 1
9052 1 0 1
9054 1 0 1
9056 1 0 1
9057 1 0 1
9059 1 0 1
9061 1 0 1
9063 1 0 1
9064 1 0 1
9065 1 0 1
9066 1 0 1
9069 1 0 1
9070 1 0 1
9072 2 0 2
9073 1 0 1
9074 1 1 0
9075 1 0 1
9078 1 0 1
9079 1 0 1
9080 1 0 1
9083 1 0 1
9084 1 0 1
9087 1 0 1
9090 1 0 1
9092 1 0 1
9093 1 0 1
9094 1 0 1
9095 1 0 1
9096 6 0 6
9097 2 0 2
9100 1 0 1
9103 1 0 1
9104 1 0 1
9110 8 0 8
9112 1 0 1
9113 1 0 1
9115 1 0 1
9119 1 0 1
9120 1 0 1
9121 1 1 0
9125 1 0 1
9126 1 0 1
9136 1 0 1
9141 1 0 1
9144 1 0 1
9147 1 0 1
9150 1 0 1
9151 1 0 1
9153 1 0 1
9162 4 0 4
9165 4 0 4
9167 1 0 1
9168 1 0 1
9170 1 0 1
9171 1 0 1
9179 1 0 1
9185 1 0 1
9188 1 0 1
9190 1 0 1
9195 1 0 1
9196 1 0 1
9200 1 0 1
9204 1 0 1
9205 1 0 1
9209 1 0 1
9212 1 0 1
9216 1 0 1
9219 1 0 1
9220 1 0 1
9221 2 0 2
9224 1 0 1
9234 1 0 1
9239 1 0 1
9250 1 0 1
9251 1 0 1
9253 1 0 1
9261 1 0 1
9262 2 0 2
9263 5 0 5
9264 1 0 1
9269 4 0 4
9271 1 0 1
9278 1 0 1
9279 1 0 1
9284 1 0 1
9285 1 0 1
9291 1 0 1
9311 1 0 1
9315 1 0 1
9316 1 0 1
9317 1 0 1
9318 1 0 1
9320 1 0 1
9321 1 0 1
9322 1 0 1
9323 10 0 10
9334 8 0 8
9341 1 0 1
9343 1 0 1
9351 1 0 1
9352 1 0 1
9354 1 0 1
9370 40 0 40
9380 1 0 1
9387 1 0 1
9395 1 0 1
9409 9 0 9
9411 1 0 1
9418 1 0 1
9419 1 0 1
9420 1 0 1
9421 1 0 1
9424 1 0 1
9430 1 0 1
9433 1 0 1
9437 1 0 1
9455 1 0 1
9457 2 0 2
9459 1 0 1
9460 1 0 1
9484 1 0 1
9485 1 0 1
9487 1 0 1
9488 1 1 0
9496 1 0 1
9497 1 0 1
9501 1 0 1
9514 1 0 1
9519 1 0 1
9520 1 0 1
9522 2 0 2
9523 1 0 1
9524 1 0 1
9525 8 0 8
9530 2 0 2
9532 1 0 1
9533 1 0 1
9534 1 0 1
9539 1 0 1
9548 1 0 1
9558 1 0 1
9559 1 0 1
9561 1 0 1
9566 1 0 1
9573 2 0 2
9578 1 0 1
9582 1 0 1
9584 1 0 1
9587 3 0 3
9590 1 0 1
9596 1 0 1
9598 1 0 1
9601 1 0 1
9608 1 0 1
9620 1 0 1
9677 1 0 1
9693 1 0 1
9700 1 0 1
9702 10 0 10
9703 1 0 1
9704 1 0 1
9708 1 0 1
9718 1 0 1
9722 5 0 5
9728 1 0 1
9736 1 0 1
9744 1 0 1
9750 1 0 1
9755 12 0 12
9756 2 0 2
9764 2 0 2
9781 1 0 1
9784 1 0 1
9785 1 0 1
9786 1 0 1
9788 1 0 1
9791 1 0 1
9795 3 0 3
9799 1 0 1
9806 1 0 1
9810 2 0 2
9817 1 0 1
9819 1 0 1
9834 1 0 1
9840 2 0 2
9857 4 0 4
9860 1 0 1
9865 1 0 1
9870 1 0 1
9872 1 0 1
9883 1 0 1
9886 1 0 1
9894 1 0 1
9912 1 0 1
9922 1 0 1
9925 1 0 1
9931 1 0 1
9933 1 0 1
9939 1 0 1
9944 1 0 1
9957 1 0 1
9965 1 0 1
9966 1 0 1
9976 1 0 1
9988 1 0 1
9992 1 0 1
10000 1 0 1
10001 1 0 1
10002 2 0 2
10003 1 0 1
10004 1 1 0
10005 1 0 1
10006 4 0 4
10010 1 0 1
10011 1 0 1
10012 1 0 1
10014 1 0 1
10015 1 0 1
10020 1 0 1
10021 1 0 1
10022 1 0 1
10024 1 0 1
10025 1 1 0
10026 1 0 1
10030 1 0 1
10031 3 0 3
10034 1 0 1
10035 1 0 1
10036 1 0 1
10037 1 1 0
10038 1 0 1
10040 2 0 2
10042 1 0 1
10043 1 0 1
10044 1 0 1
10052 1 0 1
10053 2 0 2
10056 3 0 3
10058 1 0 1
10062 1 0 1
10063 1 0 1
10064 5 0 5
10065 1 0 1
10066 1 0 1
10067 1 0 1
10068 1 0 1
10070 1 0 1
10071 1 0 1
10073 1 0 1
10075 1 0 1
10078 1 0 1
10080 1 0 1
10084 2 0 2
10086 1 0 1
10087 1 0 1
10089 1 0 1
10090 1 0 1
10091 1 0 1
10099 2 0 2
10104 1 0 1
10106 1 0 1
10108 1 0 1
10109 1 0 1
10111 2 0 2
10113 4 0 4
10115 1 0 1
10117 1 0 1
10119 1 0 1
10121 6 0 6
10122 1 0 1
10124 3 0 3
10126 3 0 3
10128 1 0 1
10133 2 0 2
10135 1 0 1
10139 1 0 1
10141 1 0 1
10142 1 0 1
10144 1 0 1
10146 2 0 2
10149 1 0 1
10150 1 0 1
10152 1 0 1
10155 1 0 1
10157 1 0 1
10158 1 0 1
10159 1 0 1
10163 1 0 1
10164 1 0 1
10168 1 0 1
10169 1 0 1
10172 1 0 1
10176 1 0 1
10179 1 0 1
10182 1 0 1
10184 1 0 1
10186 1 0 1
10189 1 0 1
10202 1 0 1
10204 1 0 1
10206 1 0 1
10209 2 0 2
10213 1 0 1
10216 3 0 3
10219 1 0 1
10220 1 0 1
10221 1 0 1
10222 1 0 1
10227 1 0 1
10228 1 0 1
10240 1 0 1
10242 1 0 1
10244 1 0 1
10249 1 0 1
10253 1 0 1
10254 1 0 1
10257 3 0 3
10263 1 0 1
10264 1 0 1
10267 2 0 2
10270 1 0 1
10271 1 0 1
10273 1 0 1
10277 1 0 1
10279 2 0 2
10281 1 0 1
10282 1 0 1
10284 1 0 1
10286 1 0 1
10293 1 0 1
10297 1 0 1
10300 1 0 1
10304 1 0 1
10310 1 0 1
10328 1 0 1
10336 1 0 1
10339 1 0 1
10345 2 0 2
10356 1 0 1
10374 2 0 2
10377 1 0 1
10383 1 0 1
10392 1 0 1
10406 1 0 1
10411 1 0 1
10414 1 0 1
10415 2 0 2
10416 1 0 1
10429 3 0 3
10436 1 0 1
10440 3 0 3
10457 1 0 1
10468 1 0 1
10469 1 0 1
10477 1 0 1
10485 1 0 1
10486 1 0 1
10498 1 0 1
10511 1 0 1
10519 1 0 1
10522 7 0 7
10531 1 0 1
10541 1 0 1
10545 1 0 1
10561 1 0 1
10570 1 0 1
10578 26 0 26
10600 1 0 1
10612 1 0 1
10615 1 0 1
10620 1 0 1
10629 1 0 1
10633 1 0 1
10645 1 0 1
10661 1 0 1
10697 1 0 1
10715 1 0 1
10723 1 0 1
10732 1 0 1
10742 1 0 1
10754 1 0 1
10805 1 0 1
10807 1 0 1
10814 1 0 1
10831 1 0 1
10847 1 0 1
10865 1 0 1
10871 1 0 1
10894 1 0 1
10902 1 0 1
10905 5 0 5
10907 1 0 1
10920 1 0 1
10926 12 0 12
10928 13 0 13
10934 1 0 1
10966 1 0 1
10986 1 0 1
10994 1 0 1
11000 1 0 1
11001 1 0 1
11002 4 0 4
11004 1 0 1
11009 1 0 1
11010 1 0 1
11013 1 0 1
11014 1 0 1
11015 1 0 1
11016 1 0 1
11020 1 0 1
11021 1 0 1
11024 1 0 1
11025 1 0 1
11026 4 0 4
11028 1 0 1
11031 1 0 1
11032 2 0 2
11034 1 0 1
11038 2 0 2
11039 1 0 1
11042 2 2 0
11044 1 0 1
11046 29 0 29
11047 1 1 0
11050 1 0 1
11051 1 0 1
11055 1 0 1
11059 3 0 3
11061 1 0 1
11065 1 0 1
11067 1 0 1
11074 1 0 1
11077 1 0 1
11080 1 0 1
11081 2 0 2
11083 1 0 1
11086 2 0 2
11087 1 0 1
11088 1 0 1
11092 1 0 1
11094 1 0 1
11098 1 0 1
11101 1 0 1
11102 1 0 1
11104 26 0 26
11108 1 0 1
11115 1 0 1
11127 1 0 1
11128 1 0 1
11129 1 0 1
11131 2 0 2
11133 4 0 4
11135 1 0 1
11136 1 0 1
11141 1 0 1
11147 1 0 1
11150 1 0 1
11165 2 0 2
11166 1 0 1
11167 2 0 2
11173 1 0 1
11183 1 0 1
11188 2 0 2
11201 2 0 2
11217 1 0 1
11219 1 0 1
11223 1 0 1
11244 14 0 14
11253 1 0 1
11260 2 0 2
11265 1 0 1
11270 1 0 1
11292 1 0 1
11293 1 0 1
11301 1 0 1
11330 1 0 1
11342 1 0 1
11354 1 0 1
11355 2 0 2
11358 1 0 1
11359 1 0 1
11376 1 0 1
11380 1 0 1
11382 1 0 1
11384 1 0 1
11385 1 0 1
11416 2 0 2
11452 1 0 1
11454 1 0 1
11462 1 0 1
11464 1 0 1
11474 1 0 1
11493 3 0 3
11533 1 0 1
11555 1 0 1
11569 1 0 1
11579 1 0 1
11591 1 0 1
11595 1 0 1
11638 1 0 1
11640 2 0 2
11644 1 0 1
11686 1 0 1
11690 1 0 1
11712 2 0 2
11726 1 0 1
11730 4 0 4
11735 2 0 2
11754 1 0 1
11764 1 0 1
11791 1 0 1
11798 1 0 1
11801 1 0 1
11807 1 0 1
11826 1 0 1
11828 1 0 1
11834 1 0 1
11925 1 0 1
11949 1 0 1
11953 1 0 1
11956 1 0 1
11981 1 0 1
11990 1 0 1
12000 1 0 1
12001 1 1 0
12002 1 0 1
12003 1 0 1
12004 1 0 1
12005 1 0 1
12006 1 0 1
12007 1 0 1
12008 1 0 1
12009 1 0 1
12010 1 0 1
12012 1 0 1
12014 1 0 1
12015 1 0 1
12016 1 0 1
12017 2 0 2
12018 1 0 1
12019 1 0 1
12020 1 0 1
12022 1 0 1
12023 1 0 1
12024 1 0 1
12026 1 0 1
12027 1 0 1
12028 2 0 2
12031 1 0 1
12033 1 0 1
12034 1 0 1
12035 3 0 3
12039 1 0 1
12040 1 0 1
12048 1 0 1
12050 1 0 1
12051 1 0 1
12052 1 0 1
12057 1 0 1
12060 1 0 1
12062 1 0 1
12063 1 0 1
12073 1 0 1
12076 1 0 1
12077 1 0 1
12093 1 0 1
12103 1 0 1
12107 5 0 5
12140 6 0 6
12160 1 0 1
12172 1 0 1
12184 1 0 1
12186 1 0 1
12212 1 0 1
12217 1 0 1
12232 1 0 1
12277 2 0 2
12287 1 0 1
12325 1 0 1
12329 1 0 1
12397 1 0 1
12405 1 0 1
12429 1 0 1
12432 2 0 2
12454 4 0 4
12464 1 0 1
12518 1 0 1
12539 1 0 1
12619 5 0 5
12695 2 0 2
12741 1 0 1
12746 2 0 2
12874 1 0 1
12875 1 0 1
12891 1 0 1
12905 1 0 1
12909 1 0 1
12952 2 0 2
12984 1 0 1
13000 1 0 1
13001 1 0 1
13002 1 0 1
13003 1 0 1
13004 1 1 0
13005 1 0 1
13006 4 0 4
13007 1 0 1
13008 2 0 2
13009 1 0 1
13011 1 0 1
13012 1 0 1
13013 1 1 0
13014 1 1 0
13015 1 0 1
13016 1 0 1
13020 1 0 1
13022 1 0 1
13024 1 0 1
13025 1 1 0
13026 3 0 3
13030 1 0 1
13031 1 0 1
13032 1 0 1
13033 1 1 0
13036 1 0 1
13039 1 0 1
13040 2 0 2
13044 5 0 5
13045 1 0 1
13047 5 0 5
13048 2 0 2
13049 1 0 1
13052 2 0 2
13053 1 0 1
13054 1 0 1
13056 2 0 2
13057 2 0 2
13059 1 0 1
13060 1 0 1
13065 3 0 3
13067 3 0 3
13068 1 0 1
13070 1 0 1
13071 1 1 0
13072 1 0 1
13074 1 0 1
13078 1 0 1
13080 1 1 0
13084 2 0 2
13087 1 0 1
13090 2 0 2
13093 1 0 1
13095 1 0 1
13096 1 0 1
13099 1 0 1
13102 4 0 4
13114 1 1 0
13118 1 0 1
13119 1 0 1
13120 1 0 1
13122 1 0 1
13125 4 0 4
13127 1 1 0
13128 1 0 1
13129 3 0 3
13131 1 0 1
13132 1 0 1
13133 4 0 4
13134 2 0 2
13135 1 0 1
13138 1 0 1
13140 1 0 1
13141 1 0 1
13144 1 0 1
13149 1 0 1
13150 1 0 1
13152 3 0 3
13153 1 0 1
13157 2 0 2
13159 1 0 1
13161 1 0 1
13166 2 0 2
13173 2 0 2
13174 1 0 1
13181 1 0 1
13188 1 0 1
13189 1 0 1
13191 1 0 1
13197 1 0 1
13210 1 0 1
13221 1 0 1
13233 1 0 1
13235 1 0 1
13238 1 0 1
13239 2 0 2
13242 1 0 1
13246 8 0 8
13252 1 0 1
13255 3 0 3
13257 1 0 1
13263 1 0 1
13268 1 0 1
13271 1 0 1
13272 1 0 1
13273 1 0 1
13274 2 0 2
13280 1 0 1
13282 3 0 3
13295 1 0 1
13299 1 0 1
13302 2 0 2
13317 1 1 0
13322 1 0 1
13323 1 0 1
13324 1 0 1
13326 1 0 1
13343 1 0 1
13350 1 0 1
13352 4 0 4
13359 2 0 2
13364 1 0 1
13365 1 0 1
13375 1 0 1
13402 1 0 1
13404 1 0 1
13407 1 0 1
13421 2 0 2
13432 1 1 0
13436 1 0 1
13446 3 0 3
13470 1 0 1
13501 1 0 1
13536 1 0 1
13554 7 0 7
13560 1 0 1
13573 3 0 3
13575 1 0 1
13597 1 0 1
13603 1 0 1
13614 2 0 2
13620 1 0 1
13633 1 0 1
13643 1 0 1
13652 1 0 1
13653 1 0 1
13675 2 0 2
13691 1 0 1
13717 1 0 1
13728 1 0 1
13729 1 0 1
13736 1 0 1
13761 1 0 1
13802 1 0 1
13865 1 0 1
13869 1 0 1
13899 1 0 1
13960 1 0 1
13962 1 0 1
13974 1 0 1
14000 1 0 1
14001 1 1 0
14002 1 0 1
14004 1 1 0
14005 1 0 1
14006 1 0 1
14007 1 0 1
14008 1 0 1
14009 1 0 1
14011 1 0 1
14012 6 0 6
14013 1 0 1
14086 100 0 100
14112 1 0 1
14121 1 0 1
14123 2 0 2
14124 2 0 2
14126 1 0 1
14129 3 0 3
14134 2 0 2
14136 3 0 3
14139 1 0 1
14141 9 1 8
14142 1 0 1
14143 1 0 1
14144 1 0 1
14146 1 0 1
14149 1 0 1
14153 1 0 1
14158 1 0 1
14159 1 0 1
14164 1 0 1
14169 1 0 1
14170 1 0 1
14172 1 0 1
14173 1 0 1
14174 1 0 1
14177 1 0 1
14180 1 0 1
14182 1 0 1
14190 2 0 2
14192 1 0 1
14194 1 0 1
14199 1 0 1
14204 3 0 3
14208 1 0 1
14213 1 0 1
14215 2 0 2
14239 15 0 15
14242 1 0 1
14246 1 0 1
14249 1 0 1
14254 1 0 1
14261 1 0 1
14262 1 0 1
14266 1 0 1
14269 1 0 1
14275 1 0 1
14292 1 0 1
14297 1 0 1
14305 1 0 1
14326 1 0 1
14334 1 0 1
14362 1 0 1
14363 3 0 3
14379 1 0 1
14394 1 0 1
14406 1 0 1
14409 1 0 1
14414 3 0 3
14419 1 0 1
14424 1 0 1
14428 3 0 3
14432 1 0 1
14453 1 0 1
14459 4 0 4
14469 1 0 1
14482 1 0 1
14484 2 0 2
14487 1 0 1
14494 2 0 2
14530 1 0 1
14531 1 0 1
14544 1 1 0
14548 2 0 2
14549 1 0 1
14560 1 0 1
14561 1 0 1
14568 22 0 22
14582 1 0 1
14597 2 0 2
14602 1 0 1
14613 1 0 1
14620 1 0 1
14624 10 0 10
14648 1 0 1
14649 1 0 1
14660 1 0 1
14664 1 0 1
14672 1 0 1
14675 1 0 1
14678 1 0 1
14690 1 0 1
14699 1 0 1
14701 1 0 1
14707 1 0 1
14712 1 0 1
14716 1 0 1
14726 1 0 1
14730 1 0 1
14733 1 0 1
14736 1 0 1
14738 1 0 1
14743 1 0 1
14747 1 0 1
14749 1 0 1
14776 1 0 1
14779 2 0 2
14790 1 0 1
14794 1 0 1
14814 2 0 2
14841 1 0 1
14842 1 0 1
14843 1 0 1
14844 1 0 1
14847 1 0 1
14852 1 0 1
14864 1 0 1
14868 1 0 1
14871 1 0 1
14876 1 0 1
14885 1 0 1
14900 1 0 1
14905 1 0 1
14935 1 0 1
14957 1 0 1
14964 2 0 2
14972 1 0 1
14993 1 0 1
15000 1 0 1
15001 1 0 1
15002 1 0 1
15003 2 1 1
15004 2 0 2
15005 1 0 1
15007 1 0 1
15008 1 0 1
15009 1 0 1
15010 2 0 2
15013 5 0 5
15017 1 0 1
15018 1 0 1
15020 1 0 1
15021 1 0 1
15022 1 0 1
15023 1 0 1
15024 1 0 1
15027 1 0 1
15028 1 0 1
15032 1 0 1
15037 1 0 1
15038 1 0 1
15039 1 0 1
15041 1 0 1
15042 1 0 1
15043 1 0 1
15044 1 0 1
15046 3 0 3
15048 1 0 1
15049 1 0 1
15051 1 0 1
15053 1 1 0
15054 1 0 1
15055 2 0 2
15057 1 0 1
15058 1 0 1
15060 1 1 0
15061 2 0 2
15063 1 0 1
15065 5 0 5
15068 1 0 1
15069 1 0 1
15071 2 0 2
15074 1 0 1
15075 1 0 1
15076 1 0 1
15082 1 0 1
15083 1 0 1
15085 1 0 1
15086 1 0 1
15090 1 0 1
15091 1 0 1
15092 1 0 1
15095 4 0 4
15096 1 1 0
15098 1 0 1
15101 1 0 1
15103 1 0 1
15106 2 0 2
15107 1 0 1
15108 3 0 3
15111 1 0 1
15114 1 0 1
15116 1 1 0
15117 2 0 2
15118 1 0 1
15119 1 0 1
15120 1 0 1
15121 1 0 1
15124 2 1 1
15127 1 0 1
15129 1 0 1
15132 1 0 1
15135 1 0 1
15137 1 0 1
15138 1 0 1
15139 7 1 6
15144 1 0 1
15145 1 0 1
15150 1 0 1
15151 1 0 1
15152 1 0 1
15155 1 0 1
15156 2 0 2
15159 1 0 1
15162 1 0 1
15164 1 0 1
15165 1 0 1
15166 1 0 1
15167 1 0 1
15168 1 0 1
15170 1 0 1
15178 1 0 1
15182 2 0 2
15185 2 0 2
15191 1 0 1
15193 1 0 1
15197 1 0 1
15205 9 0 9
15213 1 0 1
15221 1 0 1
15222 1 0 1
15224 2 0 2
15225 1 0 1
15230 1 0 1
15231 1 0 1
15232 1 0 1
15234 1 0 1
15235 1 0 1
15237 1 0 1
15240 1 0 1
15242 1 0 1
15250 1 0 1
15259 1 0 1
15271 1 0 1
15272 1 0 1
15273 1 0 1
15278 1 0 1
15297 1 0 1
15303 1 0 1
15322 1 0 1
15324 1 0 1
15325 1 0 1
15331 2 0 2
15335 1 0 1
15337 1 0 1
15339 1 0 1
15360 3 0 3
15363 2 0 2
15364 1 0 1
15368 1 0 1
15374 1 0 1
15378 1 0 1
15387 1 0 1
15389 1 0 1
15392 1 0 1
15397 1 0 1
15411 1 0 1
15412 1 0 1
15413 1 0 1
15417 1 0 1
15419 1 0 1
15420 1 0 1
15424 1 0 1
15427 1 0 1
15428 1 0 1
15445 1 0 1
15446 2 0 2
15447 2 0 2
15458 1 0 1
15460 2 0 2
15471 2 0 2
15474 1 0 1
15476 1 0 1
15477 2 0 2
15483 6 0 6
15486 2 0 2
15489 1 0 1
15492 1 0 1
15493 1 0 1
15494 2 0 2
15507 1 0 1
15513 2 0 2
15514 1 0 1
15515 1 0 1
15518 2 0 2
15524 2 0 2
15530 1 0 1
15536 1 0 1
15537 1 0 1
15538 1 0 1
15540 1 0 1
15541 1 0 1
15545 1 0 1
15552 1 0 1
15553 1 0 1
15556 2 0 2
15558 1 0 1
15559 1 0 1
15569 2 0 2
15575 2 0 2
15577 1 0 1
15584 1 0 1
15589 1 0 1
15594 1 0 1
15600 1 0 1
15602 1 0 1
15610 1 1 0
15621 1 0 1
15631 1 1 0
15634 1 0 1
15635 1 0 1
15638 1 0 1
15642 1 0 1
15644 1 0 1
15645 1 0 1
15648 1 0 1
15652 1 0 1
15655 1 0 1
15664 1 0 1
15668 1 0 1
15674 1 0 1
15681 1 0 1
15682 1 0 1
15683 2 0 2
15689 1 0 1
15690 1 0 1
15692 1 0 1
15711 1 0 1
15715 1 0 1
15718 1 0 1
15720 1 0 1
15726 1 0 1
15727 1 0 1
15728 4 0 4
15730 2 0 2
15731 1 0 1
15741 2 0 2
15760 1 0 1
15766 1 0 1
15768 1 0 1
15770 2 0 2
15772 1 0 1
15777 1 0 1
15788 4 0 4
15789 1 0 1
15796 1 0 1
15801 1 0 1
15804 1 0 1
15810 1 0 1
15813 1 0 1
15818 1 0 1
15821 3 0 3
15826 1 0 1
15828 1 0 1
15830 1 0 1
15832 1 0 1
15837 1 0 1
15844 2 0 2
15851 1 0 1
15853 1 0 1
15857 2 0 2
15864 1 0 1
15869 1 0 1
15870 1 0 1
15872 1 0 1
15880 1 0 1
15892 1 0 1
15893 1 0 1
15898 2 0 2
15904 8 0 8
15920 1 0 1
15928 1 0 1
15929 1 0 1
15932 1 0 1
15934 2 0 2
15937 1 0 1
15938 1 0 1
15947 1 0 1
15954 1 0 1
15957 1 0 1
15962 1 0 1
15964 1 0 1
15968 1 0 1
15969 3 0 3
15983 1 0 1
15988 1 0 1
15993 1 0 1
15995 1 0 1
15997 1 0 1
16000 1 0 1
16001 1 0 1
16002 1 1 0
16003 1 0 1
16004 1 0 1
16005 1 0 1
16006 1 0 1
16007 1 0 1
16010 1 0 1
16011 1 0 1
16013 1 0 1
16015 1 0 1
16018 1 0 1
16021 1 0 1
16023 1 0 1
16035 1 0 1
16036 1 0 1
16038 1 0 1
16073 1 0 1
16096 1 0 1
16121 1 0 1
16132 1 0 1
16134 1 0 1
16138 1 0 1
16203 1 0 1
16244 1 0 1
16279 1 0 1
16336 1 0 1
16343 1 0 1
16374 1 0 1
16400 3 0 3
16408 1 0 1
16414 1 0 1
16498 1 0 1
16500 1 0 1
16523 1 0 1
16525 1 0 1
16526 1 1 0
16527 1 0 1
16528 1 0 1
16529 1 1 0
16530 1 0 1
16531 4 0 4
16533 2 0 2
16535 1 0 1
16536 1 0 1
16538 1 0 1
16540 1 0 1
16541 1 0 1
16544 1 0 1
16546 3 0 3
16547 4 0 4
16552 1 0 1
16553 2 0 2
16555 1 0 1
16556 1 0 1
16557 1 0 1
16558 4 0 4
16559 1 0 1
16567 1 0 1
16570 2 0 2
16571 1 0 1
16572 11 0 11
16573 1 0 1
16578 1 0 1
16581 3 0 3
16593 1 0 1
16594 1 0 1
16605 3 0 3
16606 1 0 1
16613 1 0 1
16615 1 0 1
16616 1 0 1
16621 1 0 1
16626 1 0 1
16636 1 0 1
16646 2 0 2
16647 2 0 2
16660 1 0 1
16666 1 0 1
16671 1 0 1
16676 3 0 3
16681 2 0 2
16682 1 0 1
16687 1 0 1
16696 1 0 1
16707 1 0 1
16710 1 0 1
16716 2 0 2
16731 5 0 5
16753 1 0 1
16768 1 0 1
16789 2 0 2
16796 1 0 1
16806 1 0 1
16825 1 0 1
16839 1 0 1
16848 1 0 1
16852 1 0 1
16858 1 0 1
16864 1 0 1
16947 1 0 1
16963 1 0 1
16976 1 0 1
16992 1 0 1
17012 14 0 14
17051 1 0 1
17058 1 1 0
17061 1 1 0
17062 1 0 1
17063 1 0 1
17064 1 0 1
17065 3 0 3
17066 1 0 1
17068 1 0 1
17069 1 0 1
17070 1 0 1
17071 1 0 1
17072 1 0 1
17073 1 0 1
17074 1 0 1
17075 1 0 1
17076 2 0 2
17078 1 0 1
17079 1 0 1
17080 1 0 1
17081 1 0 1
17082 2 0 2
17083 1 0 1
17085 1 0 1
17086 1 0 1
17088 1 0 1
17089 2 0 2
17091 1 0 1
17092 1 0 1
17094 1 0 1
17096 1 0 1
17098 1 0 1
17099 1 0 1
17100 1 0 1
17103 1 0 1
17104 2 0 2
17105 1 0 1
17106 1 0 1
17107 1 0 1
17109 1 0 1
17110 1 0 1
17112 1 0 1
17116 2 0 2
17117 1 0 1
17118 3 0 3
17119 1 0 1
17120 1 0 1
17121 1 0 1
17127 2 0 2
17130 1 0 1
17132 1 0 1
17133 2 0 2
17137 1 0 1
17138 1 0 1
17139 1 0 1
17143 1 0 1
17144 5 0 5
17149 7 0 7
17150 1 0 1
17153 1 0 1
17155 1 0 1
17156 1 0 1
17160 1 0 1
17162 1 0 1
17164 1 0 1
17168 1 0 1
17169 5 0 5
17174 1 0 1
17175 1 0 1
17180 1 0 1
17185 1 0 1
17186 1 0 1
17187 1 0 1
17192 1 0 1
17193 1 0 1
17196 1 0 1
17197 1 0 1
17201 1 0 1
17202 1 0 1
17203 2 0 2
17205 1 0 1
17208 1 0 1
17212 1 0 1
17219 1 0 1
17227 3 0 3
17232 1 0 1
17235 1 0 1
17252 1 0 1
17253 1 0 1
17256 1 0 1
17258 1 0 1
17259 1 0 1
17261 1 0 1
17262 1 0 1
17264 1 0 1
17266 1 0 1
17268 1 0 1
17275 2 0 2
17276 1 0 1
17277 1 0 1
17280 1 0 1
17281 1 0 1
17282 1 0 1
17283 1 1 0
17287 1 0 1
17289 1 0 1
17290 1 0 1
17291 1 0 1
17294 1 1 0
17295 1 1 0
17302 3 0 3
17307 1 0 1
17314 3 0 3
17315 1 1 0
17317 1 0 1
17318 1 0 1
17319 2 0 2
17322 1 0 1
17324 1 0 1
17325 1 0 1
17327 1 0 1
17330 1 0 1
17333 1 0 1
17341 1 0 1
17343 1 0 1
17346 1 0 1
17350 1 0 1
17351 1 0 1
17362 1 0 1
17368 1 0 1
17370 1 0 1
17375 1 0 1
17379 1 0 1
17393 1 0 1
17399 1 0 1
17403 1 0 1
17404 1 0 1
17409 1 0 1
17412 1 0 1
17417 1 0 1
17422 1 0 1
17434 1 0 1
17441 1 0 1
17444 1 0 1
17445 2 0 2
17448 1 0 1
17451 115 0 115
17453 1 0 1
17461 2 0 2
17462 1 0 1
17468 1 0 1
17476 1 0 1
17486 1 0 1
17490 1 0 1
17491 1 0 1
17492 1 0 1
17495 1 0 1
17500 1 0 1
17505 1 0 1
17508 10 0 10
17509 1 0 1
17511 2 0 2
17514 1 0 1
17519 1 0 1
17520 1 0 1
17523 2 0 2
17531 1 0 1
17547 1 0 1
17577 6 0 6
17597 1 0 1
17603 1 0 1
17605 1 0 1
17606 1 0 1
17608 1 0 1
17611 1 0 1
17612 3 0 3
17619 1 0 1
17621 18 0 18
17623 1 0 1
17625 1 0 1
17630 1 0 1
17645 1 0 1
17652 1 0 1
17655 1 0 1
17668 1 0 1
17672 1 0 1
17678 1 0 1
17680 1 0 1
17702 1 0 1
17705 1 0 1
17714 1 0 1
17725 1 0 1
17728 1 0 1
17730 1 0 1
17731 1 0 1
17738 1 0 1
17742 2 0 2
17747 1 0 1
17748 1 0 1
17755 1 0 1
17756 1 0 1
17769 1 0 1
17775 2 0 2
17810 1 0 1
17811 1 0 1
17819 1 0 1
17823 2 0 2
17854 1 0 1
17880 1 0 1
17884 1 0 1
17888 1 0 1
17898 7 0 7
17908 1 0 1
17926 1 0 1
17927 2 0 2
17942 1 0 1
17944 1 0 1
17945 1 0 1
17955 1 0 1
17965 1 0 1
17972 1 0 1
17974 1 0 1
17978 1 0 1
17989 1 0 1
17996 1 0 1
18000 1 0 1
18004 1 0 1
18040 2 0 2
18054 1 0 1
18058 1 1 0
18059 1 0 1
18060 1 1 0
18061 1 1 0
18062 1 0 1
18063 1 0 1
18064 1 0 1
18065 1 0 1
18066 1 1 0
18071 1 0 1
18072 1 1 0
18074 1 0 1
18075 1 0 1
18077 2 0 2
18094 1 0 1
18095 1 0 1
18096 1 0 1
18097 1 0 1
18098 1 0 1
18101 2 0 2
18102 1 0 1
18103 2 0 2
18107 1 0 1
18110 1 0 1
18115 1 0 1
18118 1 0 1
18119 1 0 1
18120 1 0 1
18121 1 1 0
18122 1 0 1
18123 1 0 1
18126 1 0 1
18128 2 0 2
18129 15 0 15
18137 3 0 3
18144 1 0 1
18145 1 0 1
18147 1 0 1
18148 1 0 1
18149 1 0 1
18150 1 0 1
18151 1 0 1
18153 1 0 1
18155 1 0 1
18156 1 0 1
18166 1 0 1
18175 1 0 1
18176 2 0 2
18185 1 0 1
18201 5 0 5
18212 1 0 1
18242 1 0 1
18254 1 0 1
18263 2 0 2
18300 1 0 1
18301 3 0 3
18354 1 0 1
18402 1 0 1
18403 1 0 1
18431 5 0 5
18434 1 0 1
18466 1 0 1
18472 1 0 1
18473 1 0 1
18480 1 0 1
18482 1 0 1
18483 1 0 1
18491 1 0 1
18495 1 0 1
18496 2 0 2
18501 1 0 1
18519 1 0 1
18527 1 0 1
18529 2 0 2
18534 1 0 1
18535 1 0 1
18537 1 0 1
18539 1 0 1
18541 2 0 2
18545 1 0 1
18555 2 0 2
18556 1 0 1
18563 1 0 1
18569 1 0 1
18580 1 0 1
18586 1 0 1
18587 1 0 1
18588 1 0 1
18590 1 0 1
18594 1 0 1
18601 1 0 1
18605 1 0 1
18607 1 0 1
18611 4 0 4
18615 26 0 26
18616 1 0 1
18620 1 0 1
18625 1 0 1
18630 3 0 3
18632 1 0 1
18633 40 0 40
18635 1 0 1
18636 1 0 1
18642 1 0 1
18647 1 0 1
18652 1 0 1
18653 2 0 2
18656 1 0 1
18673 3 0 3
18678 1 0 1
18680 1 0 1
18685 1 0 1
18690 1 0 1
18703 1 0 1
18705 1 0 1
18707 1 0 1
18708 1 0 1
18710 1 0 1
18711 1 0 1
18730 1 0 1
18731 1 0 1
18734 1 0 1
18746 1 0 1
18750 1 0 1
18758 1 0 1
18760 1 0 1
18772 1 0 1
18776 1 0 1
18783 1 0 1
18785 1 0 1
18791 1 0 1
18793 1 0 1
18797 1 0 1
18810 1 0 1
18811 1 0 1
18828 1 0 1
18840 1 0 1
18843 1 0 1
18851 1 0 1
18852 1 0 1
18855 1 0 1
18856 1 0 1
18861 1 0 1
18871 1 0 1
18880 1 0 1
18891 1 0 1
18906 2 0 2
18907 1 0 1
18968 157 0 157
19058 1 0 1
19059 2 0 2
19060 1 0 1
19061 1 0 1
19063 1 0 1
19064 1 0 1
19065 1 0 1
19067 1 0 1
19068 1 0 1
19069 1 0 1
19070 1 0 1
19071 1 0 1
19072 2 0 2
19074 1 0 1
19075 1 0 1
19076 1 0 1
19081 1 0 1
19082 1 0 1
19084 1 0 1
19085 1 1 0
19087 1 0 1
19092 1 0 1
19100 1 0 1
19101 2 0 2
19110 1 0 1
19113 2 0 2
19117 1 0 1
19118 1 0 1
19120 1 0 1
19121 1 0 1
19127 1 0 1
19130 1 0 1
19140 1 0 1
19168 1 0 1
19182 1 0 1
19205 1 0 1
19272 1 0 1
19319 83 0 83
19330 1 0 1
19360 1 0 1
19365 2 0 2
19368 1 0 1
19374 2 0 2
19406 1 0 1
19438 1 0 1
19457 1 0 1
19478 1 0 1
19559 1 0 1
19632 1 0 1
19648 1 0 1
19796 1 0 1
19797 1 0 1
19804 1 0 1
19807 1 0 1
19822 1 0 1
19823 1 0 1
19824 3 0 3
19846 1 0 1
19892 1 0 1
19973 1 0 1
19976 1 0 1
20018 1 0 1
20046 1 0 1
20058 1 0 1
20059 2 0 2
20060 1 0 1
20061 1 0 1
20062 1 0 1
20064 2 0 2
20065 1 0 1
20067 1 0 1
20068 1 0 1
20069 1 0 1
20070 2 0 2
20072 1 0 1
20073 2 0 2
20074 1 0 1
20075 1 0 1
20076 1 0 1
20078 1 0 1
20079 2 0 2
20080 2 0 2
20082 1 0 1
20083 1 0 1
20085 2 0 2
20087 4 0 4
20089 1 0 1
20090 5 0 5
20097 1 0 1
20099 2 0 2
20102 2 0 2
20103 1 0 1
20106 1 0 1
20109 1 0 1
20111 1 1 0
20112 1 0 1
20113 1 0 1
20114 2 0 2
20115 1 0 1
20118 1 0 1
20119 1 0 1
20121 1 0 1
20122 1 0 1
20123 1 0 1
20125 1 0 1
20126 1 0 1
20127 1 0 1
20129 1 0 1
20130 1 0 1
20132 1 0 1
20133 2 0 2
20136 1 0 1
20139 1 0 1
20140 1 0 1
20143 1 0 1
20145 1 0 1
20146 1 0 1
20147 1 0 1
20148 1 0 1
20149 1 0 1
20151 1 0 1
20153 1 0 1
20157 1 0 1
20160 1 0 1
20162 1 0 1
20164 1 0 1
20165 1 0 1
20166 2 0 2
20168 1 0 1
20175 1 0 1
20176 1 0 1
20177 1 0 1
20179 1 0 1
20183 1 0 1
20186 1 0 1
20190 1 0 1
20191 1 0 1
20193 3 0 3
20194 1 0 1
20196 1 0 1
20197 3 0 3
20200 1 0 1
20202 1 0 1
20203 1 0 1
20206 26 0 26
20210 1 0 1
20213 1 0 1
20214 1 0 1
20215 1 0 1
20216 1 0 1
20220 1 0 1
20226 1 0 1
20228 2 0 2
20229 1 0 1
20230 1 0 1
20231 1 0 1
20234 1 0 1
20238 1 0 1
20243 5 0 5
20245 1 0 1
20246 1 0 1
20247 1 0 1
20251 1 0 1
20252 1 0 1
20254 1 0 1
20255 1 0 1
20256 1 0 1
20259 1 0 1
20264 10 0 10
20265 1 0 1
20266 1 0 1
20267 1 0 1
20268 1 0 1
20272 3 0 3
20276 1 0 1
20282 1 0 1
20285 1 0 1
20287 1 0 1
20305 1 0 1
20307 1 0 1
20308 1 0 1
20310 1 0 1
20311 1 0 1
20321 1 0 1
20326 1 0 1
20328 1 0 1
20332 42 0 42
20333 1 0 1
20336 1 0 1
20342 1 0 1
20343 2 0 2
20353 5 0 5
20356 1 0 1
20358 1 0 1
20359 1 0 1
20361 1 0 1
20375 1 0 1
20380 1 0 1
20389 1 0 1
20391 2 0 2
20392 2 0 2
20395 1 0 1
20401 1 0 1
20404 4 0 4
20410 1 0 1
20411 1 0 1
20415 3 0 3
20421 1 0 1
20427 1 0 1
20435 1 0 1
20442 1 0 1
20449 1 0 1
20460 1 0 1
20463 2 0 2
20464 2 0 2
20466 1 0 1
20467 1 0 1
20470 1 0 1
20473 1 0 1
20478 1 0 1
20479 1 0 1
20496 1 0 1
20500 1 0 1
20510 1 0 1
20511 1 0 1
20512 1 0 1
20516 2 1 1
20519 1 0 1
20522 1 0 1
20530 1 0 1
20535 1 0 1
20536 1 0 1
20539 1 0 1
20549 1 0 1
20565 1 0 1
20567 25 0 25
20575 1 0 1
20576 1 0 1
20587 134 0 134
20589 1 0 1
20591 1 0 1
20594 1 0 1
20595 1 0 1
20596 1 0 1
20597 1 0 1
20599 1 0 1
20610 1 0 1
20613 1 0 1
20618 1 0 1
20619 1 0 1
20620 1 0 1
20622 1 0 1
20623 1 0 1
20629 1 0 1
20631 1 0 1
20634 1 0 1
20636 5 0 5
20655 1 0 1
20656 2 0 2
20660 2 0 2
20661 17 0 17
20662 1 0 1
20664 1 0 1
20673 1 0 1
20674 1 0 1
20675 1 0 1
20684 1 0 1
20689 1 0 1
20698 1 0 1
20701 1 0 1
20702 1 0 1
20710 2 0 2
20734 1 0 1
20735 1 0 1
20736 1 0 1
20738 1 0 1
20740 2 0 2
20741 3 0 3
20742 1 0 1
20747 1 0 1
20749 3 0 3
20750 1 0 1
20751 1 0 1
20753 2 0 2
20755 1 0 1
20756 3 0 3
20758 1 0 1
20760 1 0 1
20764 1 0 1
20773 5 0 5
20778 1 0 1
20780 1 0 1
20788 1 0 1
20794 1 0 1
20797 1 0 1
20798 1 0 1
20799 1 0 1
20804 1 0 1
20806 1 0 1
20815 2 0 2
20821 1 0 1
20827 1 0 1
20837 1 0 1
20839 1 0 1
20841 1 0 1
20843 1 0 1
20847 1 0 1
20849 1 0 1
20850 1 0 1
20860 2 0 2
20861 1 0 1
20870 1 0 1
20875 1 0 1
20886 1 0 1
20891 1 0 1
20898 1 0 1
20900 1 0 1
20905 1 0 1
20908 1 0 1
20912 3 0 3
20913 1 0 1
20914 1 0 1
20917 1 0 1
20919 1 0 1
20931 1 0 1
20936 1 0 1
20972 1 0 1
21010 1 0 1
21011 1 0 1
21015 1 0 1
21018 2 0 2
21023 1 0 1
21033 1 0 1
21036 1 0 1
21039 2 0 2
21046 1 0 1
21054 1 0 1
21058 1 0 1
21059 1 0 1
21060 1 0 1
21062 1 0 1
21063 1 0 1
21064 1 0 1
21065 1 0 1
21069 1 0 1
21072 1 0 1
21073 1 0 1
21074 2 0 2
21076 1 0 1
21077 1 0 1
21078 1 0 1
21079 1 0 1
21080 1 0 1
21081 1 0 1
21082 1 0 1
21083 1 0 1
21084 1 0 1
21086 1 0 1
21087 1 0 1
21088 6 0 6
21089 1 0 1
21090 1 0 1
21091 1 0 1
21093 1 0 1
21094 1 0 1
21096 1 0 1
21097 1 0 1
21098 1 0 1
21099 1 0 1
21100 1 0 1
21101 1 0 1
21103 1 0 1
21104 2 0 2
21105 1 0 1
21106 1 0 1
21108 1 0 1
21109 1 0 1
21111 3 0 3
21113 1 0 1
21114 1 0 1
21115 1 0 1
21116 1 0 1
21118 1 0 1
21119 1 0 1
21122 1 0 1
21123 1 0 1
21126 1 0 1
21129 1 0 1
21130 1 0 1
21131 1 0 1
21132 1 0 1
21133 1 0 1
21135 1 0 1
21136 2 0 2
21137 3 0 3
21138 2 0 2
21145 1 0 1
21149 2 0 2
21150 1 0 1
21151 1 0 1
21153 7 0 7
21158 1 0 1
21160 1 0 1
21162 1 0 1
21163 1 0 1
21164 2 0 2
21165 1 0 1
21166 1 0 1
21167 5 0 5
21169 1 0 1
21170 1 0 1
21177 1 0 1
21181 1 0 1
21182 1 0 1
21184 3 0 3
21185 1 0 1
21187 2 0 2
21189 1 0 1
21190 1 0 1
21192 1 0 1
21193 1 0 1
21194 1 0 1
21197 1 0 1
21199 1 0 1
21201 1 0 1
21202 1 0 1
21203 1 0 1
21205 1 0 1
21207 1 0 1
21208 1 0 1
21210 1 0 1
21214 1 0 1
21217 1 0 1
21224 1 0 1
21227 1 0 1
21229 1 0 1
21230 1 0 1
21234 1 0 1
21235 1 0 1
21237 1 0 1
21239 1 0 1
21243 1 0 1
21245 1 0 1
21247 1 0 1
21251 1 0 1
21253 3 0 3
21254 1 0 1
21256 2 0 2
21258 2 0 2
21259 2 0 2
21264 1 0 1
21268 1 0 1
21270 1 0 1
21271 1 0 1
21283 1 0 1
21287 3 0 3
21294 1 0 1
21295 20 0 20
21306 1 0 1
21310 1 0 1
21314 1 0 1
21319 1 0 1
21327 1 0 1
21328 1 0 1
21330 1 0 1
21336 1 0 1
21343 1 0 1
21347 4 0 4
21351 2 0 2
21361 1 0 1
21371 1 0 1
21373 5 0 5
21375 1 1 0
21387 1 0 1
21390 1 0 1
21392 1 0 1
21393 2 0 2
21396 2 0 2
21398 2 0 2
21400 5 0 5
21408 1 0 1
21412 1 0 1
21413 1 0 1
21432 1 0 1
21435 1 0 1
21436 1 0 1
21443 1 0 1
21444 1 0 1
21456 1 0 1
21459 1 0 1
21460 1 0 1
21463 1 0 1
21470 1 0 1
21473 7 0 7
21480 1 0 1
21481 1 0 1
21490 1 0 1
21491 1 0 1
21494 1 0 1
21501 1 0 1
21503 1 0 1
21504 1 0 1
21506 2 0 2
21511 1 0 1
21516 1 0 1
21523 1 0 1
21536 1 0 1
21556 1 0 1
21557 17 0 17
21562 1 0 1
21571 1 0 1
21576 2 0 2
21583 2 0 2
21611 1 0 1
21633 1 0 1
21642 1 0 1
21651 1 0 1
21666 2 0 2
21681 1 0 1
21687 1 0 1
21688 1 0 1
21690 1 0 1
21691 1 0 1
21710 1 0 1
21718 1 0 1
21746 1 0 1
21904 1 0 1
21910 1 0 1
21927 1 0 1
21940 2 0 2
21941 1 0 1
21953 3 0 3
21972 1 0 1
22008 1 0 1
22032 1 0 1
22033 1 0 1
22058 1 0 1
22059 1 0 1
22060 1 0 1
22061 1 0 1
22063 2 0 2
22064 1 0 1
22065 1 1 0
22066 1 0 1
22067 1 0 1
22069 1 0 1
22071 1 1 0
22072 1 0 1
22073 1 0 1
22074 2 0 2
22075 1 0 1
22076 2 0 2
22078 2 0 2
22079 1 0 1
22080 1 0 1
22083 1 0 1
22084 1 0 1
22085 18 0 18
22086 1 0 1
22087 1 0 1
22088 1 0 1
22089 1 0 1
22092 1 0 1
22093 1 0 1
22098 2 0 2
22099 2 0 2
22100 2 0 2
22101 1 0 1
22102 1 0 1
22103 1 0 1
22105 1 0 1
22106 1 0 1
22108 1 0 1
22111 2 0 2
22113 1 0 1
22114 2 0 2
22115 2 0 2
22118 1 0 1
22119 1 0 1
22121 6 0 6
22125 1 0 1
22128 1 0 1
22132 1 0 1
22137 1 0 1
22139 1 0 1
22141 1 0 1
22142 1 0 1
22143 2 0 2
22144 1 0 1
22145 1 0 1
22147 1 0 1
22148 2 0 2
22150 1 0 1
22156 1 0 1
22158 1 0 1
22159 1 0 1
22160 1 0 1
22164 1 0 1
22165 1 0 1
22166 1 0 1
22171 1 0 1
22172 1 0 1
22173 1 0 1
22175 1 0 1
22183 1 0 1
22184 1 0 1
22186 1 0 1
22191 2 0 2
22192 1 0 1
22193 1 0 1
22200 1 0 1
22201 1 0 1
22202 1 0 1
22206 1 0 1
22207 1 0 1
22211 1 0 1
22212 1 0 1
22214 1 0 1
22224 1 0 1
22225 1 0 1
22228 1 0 1
22229 1 0 1
22235 4 0 4
22239 1 0 1
22242 1 0 1
22243 1 0 1
22253 1 0 1
22254 1 0 1
22262 1 0 1
22266 1 0 1
22267 1 0 1
22270 1 0 1
22271 1 0 1
22277 1 0 1
22280 1 0 1
22284 4 1 3
22290 1 0 1
22301 1 0 1
22302 3 0 3
22306 1 0 1
22308 1 0 1
22317 1 0 1
22330 2 0 2
22334 1 0 1
22335 1 0 1
22336 1 0 1
22337 1 0 1
22365 1 0 1
22379 1 0 1
22380 1 0 1
22402 1 0 1
22418 1 0 1
22432 1 0 1
22447 1 0 1
22455 1 0 1
22456 1 0 1
22459 1 0 1
22462 1 0 1
22469 1 0 1
22480 1 0 1
22486 1 0 1
22488 1 0 1
22492 1 0 1
22493 1 0 1
22494 1 0 1
22501 2 0 2
22511 1 0 1
22513 1 0 1
22516 1 0 1
22528 1 0 1
22531 2 0 2
22539 1 0 1
22553 1 0 1
22586 2 0 2
22603 3 0 3
22604 6 0 6
22608 1 0 1
22620 3 0 3
22622 1 0 1
22638 6 0 6
22660 1 0 1
22662 3 0 3
22684 5 0 5
22689 1 0 1
22691 1 0 1
22707 1 0 1
22715 1 0 1
22730 2 0 2
22753 1 0 1
22757 2 0 2
22760 1 0 1
22769 1 0 1
22787 2 0 2
22803 11 0 11
22851 2 0 2
22869 1 0 1
22874 1 0 1
22884 1 0 1
22893 1 0 1
22904 1 0 1
22914 2 0 2
22943 1 0 1
22953 1 0 1
22959 1 0 1
22964 3 0 3
22971 1 0 1
22994 1 0 1
23001 1 0 1
23002 1 0 1
23005 1 0 1
23011 1 0 1
23012 1 0 1
23052 1 0 1
23057 1 0 1
23058 1 1 0
23059 1 1 0
23060 2 0 2
23061 1 1 0
23062 1 0 1
23064 1 0 1
23066 1 0 1
23068 1 1 0
23069 1 1 0
23070 1 0 1
23071 1 0 1
23072 3 0 3
23073 1 1 0
23078 2 0 2
23079 1 0 1
23080 1 0 1
23081 1 0 1
23084 1 0 1
23087 1 0 1
23088 1 0 1
23089 1 0 1
23090 1 0 1
23091 1 0 1
23092 1 0 1
23093 1 0 1
23098 1 0 1
23099 1 1 0
23103 1 0 1
23106 1 0 1
23109 1 0 1
23115 1 0 1
23116 1 0 1
23118 1 1 0
23120 2 0 2
23124 2 0 2
23128 1 0 1
23132 1 0 1
23135 2 0 2
23136 1 0 1
23138 1 0 1
23141 1 0 1
23144 1 0 1
23148 1 0 1
23149 1 0 1
23151 1 0 1
23152 2 0 2
23155 1 0 1
23157 1 0 1
23160 1 0 1
23163 1 0 1
23164 1 0 1
23167 1 1 0
23173 1 0 1
23174 2 0 2
23181 3 0 3
23184 1 0 1
23185 1 0 1
23186 1 0 1
23189 2 0 2
23191 1 0 1
23197 2 0 2
23198 2 0 2
23203 1 0 1
23214 4 0 4
23221 8 0 8
23230 1 0 1
23231 1 0 1
23234 1 0 1
23237 2 0 2
23239 1 0 1
23245 6 0 6
23257 1 0 1
23273 2 0 2
23277 1 0 1
23283 1 0 1
23296 1 0 1
23305 1 0 1
23322 1 0 1
23329 1 0 1
23382 2 0 2
23384 2 0 2
23403 1 0 1
23406 1 0 1
23427 1 0 1
23429 1 0 1
23433 2 0 2
23442 1 0 1
23449 1 0 1
23456 1 0 1
23468 1 0 1
23473 3 0 3
23495 1 0 1
23537 6 0 6
23541 1 0 1
23554 1 0 1
23565 1 0 1
23568 1 0 1
23572 1 0 1
23574 1 0 1
23580 1 0 1
23591 1 0 1
23595 1 0 1
23607 1 0 1
23617 1 0 1
23628 1 0 1
23637 1 0 1
23667 1 0 1
23672 1 0 1
23677 1 0 1
23681 1 0 1
23684 1 0 1
23692 1 0 1
23701 9 0 9
23710 1 0 1
23718 1 0 1
23726 1 0 1
23730 1 0 1
23740 1 0 1
23764 1 0 1
23769 1 0 1
23778 1 0 1
23812 1 0 1
23817 1 0 1
23820 1 0 1
23836 3 0 3
23916 3 0 3
23922 1 0 1
23930 1 0 1
23948 7 0 7
23976 1 0 1
23984 1 0 1
23987 1 0 1
23988 2 0 2
24009 1 0 1
24021 1 0 1
24023 1 0 1
24025 1 0 1
24046 1 0 1
24050 1 0 1
24054 1 0 1
24058 1 0 1
24059 1 0 1
24060 2 0 2
24061 1 0 1
24062 1 0 1
24064 1 0 1
24065 2 0 2
24067 1 0 1
24071 1 0 1
24072 1 0 1
24074 2 0 2
24076 1 0 1
24077 3 0 3
24078 1 0 1
24079 1 0 1
24082 2 0 2
24083 1 0 1
24088 1 0 1
24089 20 0 20
24090 1 0 1
24092 1 0 1
24094 1 0 1
24096 1 0 1
24097 1 0 1
24102 1 0 1
24103 1 0 1
24106 1 0 1
24107 1 0 1
24109 1 0 1
24114 1 0 1
24116 2 0 2
24117 1 0 1
24118 1 0 1
24119 1 0 1
24121 5 0 5
24122 1 0 1
24124 1 0 1
24125 1 0 1
24128 1 0 1
24129 1 0 1
24130 1 0 1
24132 1 0 1
24133 1 0 1
24134 1 0 1
24135 1 0 1
24136 1 0 1
24137 1 0 1
24138 1 1 0
24139 1 0 1
24140 1 0 1
24142 2 0 2
24145 2 0 2
24146 1 0 1
24150 1 0 1
24152 1 0 1
24155 5 0 5
24156 1 0 1
24159 1 0 1
24161 3 0 3
24165 1 0 1
24167 1 0 1
24168 1 0 1
24174 2 0 2
24175 1 0 1
24176 2 0 2
24179 1 0 1
24181 1 0 1
24183 2 0 2
24185 1 0 1
24194 1 1 0
24196 1 0 1
24197 2 0 2
24205 1 0 1
24206 1 0 1
24207 2 0 2
24214 1 0 1
24215 1 0 1
24216 1 0 1
24220 1 0 1
24224 1 0 1
24228 1 0 1
24230 1 0 1
24237 1 0 1
24238 1 0 1
24239 1 0 1
24240 1 0 1
24242 10 0 10
24247 11 0 11
24253 1 0 1
24254 2 0 2
24265 1 0 1
24269 1 0 1
24276 1 0 1
24279 1 0 1
24283 1 0 1
24286 1 0 1
24289 2 0 2
24290 1 0 1
24296 5 0 5
24299 3 0 3
24311 1 0 1
24313 20 0 20
24320 1 0 1
24321 3 0 3
24323 2 0 2
24328 1 0 1
24330 1 0 1
24338 1 0 1
24348 2 0 2
24351 1 0 1
24352 1 0 1
24357 1 0 1
24365 1 0 1
24366 1 0 1
24374 1 0 1
24379 1 0 1
24381 1 0 1
24383 1 0 1
24387 1 0 1
24388 1 0 1
24398 3 0 3
24402 1 0 1
24406 1 0 1
24409 1 0 1
24413 1 0 1
24422 1 0 1
24424 1 0 1
24434 1 0 1
24435 1 0 1
24436 1 0 1
24442 2 0 2
24443 1 0 1
24446 2 0 2
24453 2 0 2
24456 1 0 1
24461 1 0 1
24462 1 0 1
24471 1 0 1
24474 21 0 21
24475 1 0 1
24481 1 0 1
24484 1 0 1
24485 1 0 1
24487 1 0 1
24495 1 0 1
24496 1 0 1
24506 1 0 1
24508 1 0 1
24517 1 0 1
24522 1 0 1
24532 1 0 1
24534 1 0 1
24543 1 0 1
24546 8 1 7
24548 1 0 1
24557 1 0 1
24559 1 0 1
24561 5 0 5
24563 1 0 1
24564 1 0 1
24566 1 0 1
24572 1 0 1
24573 1 0 1
24582 1 0 1
24601 1 0 1
24609 1 0 1
24615 1 0 1
24618 1 0 1
24621 1 0 1
24624 1 0 1
24634 1 0 1
24636 1 0 1
24642 1 0 1
24649 1 0 1
24652 1 0 1
24656 1 0 1
24670 1 0 1
24679 2 0 2
24682 1 0 1
24684 1 0 1
24692 1 0 1
24695 1 0 1
24701 1 0 1
24702 2 0 2
24703 1 0 1
24721 2 0 2
24726 1 0 1
24736 1 0 1
24739 5 0 5
24742 4 0 4
24744 1 0 1
24752 3 0 3
24769 1 0 1
24771 1 0 1
24775 1 0 1
24778 1 0 1
24781 5 0 5
24798 1 0 1
24800 1 0 1
24821 2 0 2
24823 3 0 3
24825 1 0 1
24834 2 0 2
24840 2 0 2
24851 1 0 1
24852 1 0 1
24853 1 0 1
24854 14 0 14
24864 1 0 1
24865 1 0 1
24871 1 0 1
24889 2 0 2
24893 1 0 1
24894 1 0 1
24895 2 0 2
24908 1 0 1
24909 1 0 1
24924 1 0 1
24925 2 0 2
24931 2 0 2
24932 1 0 1
24938 1 0 1
24943 1 0 1
24951 10 0 10
24954 1 0 1
24960 2 0 2
24966 1 0 1
24979 1 0 1
24980 1 0 1
24981 1 0 1
25022 1 0 1
25028 1 0 1
25039 1 0 1
25043 1 0 1
25049 1 0 1
25053 1 0 1
25054 1 0 1
25058 1 0 1
25059 1 0 1
25060 1 1 0
25061 1 0 1
25062 2 0 2
25063 1 0 1
25064 1 0 1
25065 1 0 1
25066 1 0 1
25067 1 0 1
25069 1 0 1
25070 1 0 1
25071 1 1 0
25072 1 0 1
25073 1 0 1
25075 1 0 1
25076 1 0 1
25077 1 0 1
25079 1 0 1
25080 1 0 1
25082 1 0 1
25083 1 0 1
25084 1 0 1
25086 1 0 1
25087 1 0 1
25088 1 0 1
25089 1 1 0
25091 1 0 1
25093 1 0 1
25094 1 1 0
25095 1 0 1
25097 1 0 1
25098 1 0 1
25099 1 0 1
25100 1 0 1
25101 1 0 1
25102 1 0 1
25105 1 1 0
25108 1 0 1
25110 1 0 1
25113 1 0 1
25114 1 0 1
25116 1 0 1
25117 1 0 1
25119 1 0 1
25121 1 0 1
25125 1 0 1
25130 1 1 0
25131 1 0 1
25132 1 0 1
25135 3 0 3
25139 1 1 0
25149 1 0 1
25150 1 0 1
25151 1 0 1
25153 1 0 1
25160 1 0 1
25163 1 0 1
25169 2 0 2
25170 1 0 1
25175 1 0 1
25177 1 0 1
25178 1 0 1
25179 2 0 2
25180 2 0 2
25197 1 0 1
25203 1 0 1
25204 1 0 1
25211 1 0 1
25213 1 0 1
25216 1 0 1
25221 1 0 1
25225 1 0 1
25227 1 0 1
25229 1 0 1
25233 1 0 1
25235 1 0 1
25238 1 0 1
25244 4 0 4
25259 25 0 25
25285 1 0 1
25294 2 0 2
25304 1 0 1
25308 1 0 1
25311 3 0 3
25317 4 0 4
25336 1 0 1
25341 1 0 1
25346 1 0 1
25349 1 0 1
25368 1 0 1
25370 1 0 1
25377 1 0 1
25386 2 0 2
25391 1 0 1
25403 1 0 1
25413 2 0 2
25433 4 0 4
25448 1 0 1
25467 1 0 1
25487 1 0 1
25508 1 0 1
25524 1 0 1
25535 1 0 1
25548 1 0 1
25557 2 0 2
25562 1 0 1
25582 2 0 2
25588 3 0 3
25596 48 0 48
25637 1 0 1
25644 1 0 1
25696 2 0 2
25700 1 0 1
25703 1 0 1
25704 1 0 1
25711 1 0 1
25732 1 0 1
25739 1 0 1
25756 1 0 1
25770 1 0 1
25825 1 0 1
25826 1 0 1
25839 1 0 1
25847 1 0 1
25850 1 0 1
25852 1 0 1
25867 1 0 1
25891 2 0 2
25895 1 0 1
25909 1 0 1
25915 1 0 1
25937 1 0 1
25953 1 0 1
25973 1 0 1
26029 1 0 1
26034 1 0 1
26051 1 0 1
26055 1 0 1
26057 1 0 1
26058 1 0 1
26059 1 0 1
26060 1 1 0
26062 1 0 1
26063 1 0 1
26064 1 0 1
26066 1 0 1
26067 2 0 2
26069 2 0 2
26070 1 0 1
26072 6 0 6
26076 2 0 2
26077 1 0 1
26080 1 0 1
26081 1 0 1
26082 1 0 1
26083 1 0 1
26084 1 0 1
26085 1 0 1
26086 1 0 1
26087 1 0 1
26088 2 0 2
26089 1 0 1
26092 1 0 1
26093 1 0 1
26094 1 0 1
26096 1 0 1
26097 1 0 1
26098 1 0 1
26099 1 0 1
26100 1 0 1
26103 1 0 1
26112 1 0 1
26113 1 0 1
26114 1 0 1
26116 1 0 1
26117 1 0 1
26119 1 0 1
26121 1 0 1
26122 2 0 2
26123 1 0 1
26124 1 0 1
26125 1 0 1
26126 1 0 1
26128 1 0 1
26131 1 0 1
26132 1 0 1
26133 1 0 1
26136 1 0 1
26137 1 0 1
26138 1 0 1
26139 1 0 1
26140 1 0 1
26142 1 0 1
26147 1 0 1
26150 1 0 1
26154 1 0 1
26156 1 0 1
26159 1 0 1
26160 1 0 1
26161 1 0 1
26163 1 0 1
26168 1 0 1
26171 1 0 1
26172 1 0 1
26174 1 0 1
26176 1 0 1
26177 1 0 1
26181 1 0 1
26183 1 0 1
26187 1 0 1
26189 1 0 1
26196 1 0 1
26197 1 0 1
26201 1 0 1
26203 1 0 1
26205 2 0 2
26206 1 0 1
26207 1 0 1
26208 1 0 1
26212 1 0 1
26214 1 0 1
26216 1 0 1
26217 1 0 1
26218 4 0 4
26220 1 0 1
26222 2 0 2
26223 1 0 1
26234 1 0 1
26235 3 0 3
26237 1 0 1
26238 1 0 1
26239 1 0 1
26250 2 0 2
26254 1 0 1
26256 4 0 4
26262 1 0 1
26263 1 0 1
26268 1 0 1
26283 2 0 2
26290 2 0 2
26291 1 0 1
26296 4 0 4
26298 1 0 1
26302 1 0 1
26310 1 0 1
26311 1 0 1
26317 1 0 1
26321 1 0 1
26322 1 0 1
26324 2 0 2
26326 1 0 1
26328 2 0 2
26331 1 0 1
26332 1 0 1
26333 1 0 1
26337 1 0 1
26340 1 0 1
26346 3 0 3
26347 1 0 1
26356 1 0 1
26359 1 0 1
26363 1 0 1
26366 1 0 1
26367 1 0 1
26375 1 0 1
26377 1 0 1
26379 21 0 21
26381 1 0 1
26390 3 0 3
26393 1 0 1
26395 1 0 1
26396 1 0 1
26401 1 0 1
26419 1 0 1
26420 1 0 1
26434 1 0 1
26437 14 0 14
26444 2 0 2
26446 1 0 1
26448 4 0 4
26453 4 0 4
26458 2 0 2
26482 1 0 1
26499 1 0 1
26502 1 0 1
26504 2 0 2
26505 1 0 1
26510 1 0 1
26511 1 0 1
26520 2 0 2
26527 4 0 4
26545 7 0 7
26549 1 0 1
26563 1 0 1
26572 1 0 1
26573 1 0 1
26574 1 0 1
26577 1 0 1
26578 1 0 1
26579 6 0 6
26583 1 0 1
26587 1 0 1
26591 2 0 2
26599 1 0 1
26604 1 0 1
26612 1 0 1
26628 1 0 1
26636 3 0 3
26653 1 0 1
26678 2 0 2
26681 1 0 1
26706 1 0 1
26709 2 0 2
26713 1 0 1
26717 1 0 1
26722 3 0 3
26725 1 0 1
26744 1 0 1
26748 1 0 1
26754 1 0 1
26770 1 0 1
26771 1 0 1
26779 2 0 2
26782 1 0 1
26788 2 0 2
26795 1 0 1
26797 1 0 1
26807 2 0 2
26808 1 0 1
26810 5 0 5
26831 1 0 1
26850 2 0 2
26861 1 0 1
26871 1 0 1
26873 1 0 1
26883 1 0 1
26894 1 0 1
26903 1 0 1
26906 1 0 1
26935 3 0 3
26938 1 0 1
26943 1 0 1
26944 2 0 2
26966 1 0 1
26970 1 0 1
26973 2 0 2
26983 1 0 1
26989 1 0 1
26998 1 0 1
27008 1 0 1
27018 1 0 1
27021 1 0 1
27031 1 0 1
27050 1 0 1
27056 1 0 1
27058 1 0 1
27059 1 0 1
27060 1 0 1
27061 1 0 1
27062 1 0 1
27063 1 0 1
27064 1 1 0
27065 1 0 1
27066 1 1 0
27067 1 0 1
27068 1 0 1
27069 1 0 1
27070 2 0 2
27071 2 1 1
27072 1 1 0
27073 1 1 0
27076 1 0 1
27077 1 0 1
27078 1 0 1
27079 1 0 1
27080 1 0 1
27081 1 0 1
27082 1 0 1
27083 1 0 1
27084 2 0 2
27085 1 0 1
27086 1 0 1
27088 2 1 1
27090 1 0 1
27091 1 0 1
27092 1 0 1
27093 1 0 1
27094 2 0 2
27095 1 0 1
27096 1 0 1
27097 1 0 1
27098 1 0 1
27100 1 0 1
27101 2 0 2
27102 1 0 1
27103 3 0 3
27104 1 0 1
27105 4 0 4
27106 1 0 1
27108 1 0 1
27109 6 0 6
27110 1 0 1
27113 1 0 1
27116 2 0 2
27117 1 0 1
27118 1 0 1
27119 1 0 1
27122 1 0 1
27126 1 0 1
27127 10 0 10
27129 1 0 1
27130 1 0 1
27132 1 0 1
27133 1 0 1
27135 1 0 1
27139 1 0 1
27140 1 0 1
27141 1 0 1
27143 3 1 2
27144 1 0 1
27145 1 0 1
27146 1 0 1
27148 2 0 2
27149 1 0 1
27150 1 0 1
27151 1 0 1
27153 1 0 1
27157 1 0 1
27158 3 0 3
27161 1 0 1
27162 1 0 1
27163 1 0 1
27166 1 0 1
27167 1 0 1
27172 1 0 1
27174 1 0 1
27175 1 0 1
27177 1 0 1
27178 1 0 1
27179 1 0 1
27180 1 0 1
27181 3 0 3
27189 1 0 1
27190 1 0 1
27191 1 0 1
27193 1 0 1
27194 1 0 1
27198 1 0 1
27199 1 0 1
27200 1 0 1
27204 4 0 4
27207 1 0 1
27208 1 0 1
27209 1 0 1
27211 3 0 3
27215 1 0 1
27217 1 0 1
27219 1 0 1
27227 1 0 1
27230 1 0 1
27232 1 0 1
27238 1 0 1
27239 1 0 1
27245 1 0 1
27249 1 0 1
27255 1 0 1
27256 9 0 9
27258 1 0 1
27260 1 0 1
27261 1 0 1
27264 1 0 1
27266 1 0 1
27268 1 0 1
27270 5 0 5
27273 1 0 1
27298 2 0 2
27303 1 0 1
27325 1 0 1
27339 1 0 1
27350 1 0 1
27351 1 0 1
27362 9 0 9
27371 1 0 1
27373 1 0 1
27380 2 0 2
27391 1 0 1
27395 1 0 1
27396 1 0 1
27401 1 0 1
27411 1 0 1
27418 1 0 1
27421 1 0 1
27426 1 0 1
27428 2 0 2
27444 1 0 1
27457 1 0 1
27473 5 0 5
27490 3 0 3
27495 1 0 1
27517 1 0 1
27518 4 0 4
27535 1 0 1
27539 3 0 3
27554 1 0 1
27616 1 0 1
27632 1 0 1
27668 1 0 1
27691 1 0 1
27708 1 0 1
27717 1 0 1
27751 1 0 1
27752 1 0 1
27786 1 0 1
27795 6 0 6
27826 1 0 1
27829 2 0 2
27855 1 0 1
27862 1 0 1
27871 1 0 1
27876 1 0 1
27900 1 0 1
27905 1 0 1
27917 1 0 1
27935 1 0 1
27960 1 0 1
27968 1 0 1
27987 1 0 1
27989 1 0 1
28007 1 0 1
28015 1 0 1
28017 1 0 1
28022 1 0 1
28029 1 0 1
28031 1 0 1
28033 1 0 1
28051 1 0 1
28056 1 0 1
28058 1 0 1
28059 1 0 1
28060 1 0 1
28061 2 0 2
28063 1 0 1
28064 1 0 1
28067 1 0 1
28068 7 0 7
28069 1 0 1
28072 2 1 1
28073 1 0 1
28078 2 0 2
28079 1 0 1
28080 1 0 1
28085 1 0 1
28086 1 0 1
28089 1 0 1
28092 1 0 1
28096 1 0 1
28100 4 0 4
28115 1 0 1
28127 14 0 14
28143 1 0 1
28162 1 0 1
28216 1 0 1
28217 1 0 1
28219 2 0 2
28233 1 0 1
28235 1 0 1
28252 1 0 1
28258 1 0 1
28261 1 1 0
28262 1 0 1
28280 1 0 1
28285 1 0 1
28298 4 0 4
28305 2 0 2
28340 2 0 2
28342 5 0 5
28351 12 0 12
28364 18 0 18
28385 1 0 1
28388 15 0 15
28402 1 0 1
28405 1 0 1
28408 1 0 1
28412 1 0 1
28419 2 1 1
28420 1 0 1
28439 3 0 3
28476 1 0 1
28480 3 0 3
28512 1 0 1
28549 1 0 1
28553 1 0 1
28558 1 0 1
28562 1 0 1
28601 3 0 3
28606 1 0 1
28617 1 0 1
28667 1 0 1
28705 1 0 1
28734 1 0 1
28737 1 0 1
28762 1 0 1
28769 5 0 5
28789 5 0 5
28800 1 0 1
28817 1 0 1
28826 1 0 1
28831 2 0 2
28841 1 0 1
28843 10 0 10
28979 1 0 1
29013 1 0 1
29020 1 0 1
29057 1 0 1
