0 1 0 1
1 1 0 1
3 1 0 1
6 1 0 1
7 1 0 1
8 1 0 1
10 1 0 1
12 1 0 1
13 1 0 1
14 1 0 1
21 1 0 1
22 1 0 1
23 1 0 1
24 1 0 1
29 1 0 1
30 1 0 1
32 1 0 1
33 1 0 1
34 1 0 1
36 1 0 1
37 1 0 1
40 1 0 1
43 1 0 1
47 1 0 1
53 1 0 1
57 1 0 1
58 1 0 1
61 1 0 1
63 1 0 1
65 1 0 1
67 1 0 1
69 1 0 1
73 1 0 1
74 1 0 1
81 1 0 1
82 1 0 1
83 1 0 1
84 1 0 1
85 2 0 2
88 1 0 1
89 1 0 1
91 1 0 1
93 1 0 1
96 1 0 1
98 1 0 1
106 1 0 1
111 1 0 1
113 1 0 1
114 1 0 1
116 1 0 1
126 1 0 1
132 1 0 1
135 1 0 1
137 1 0 1
141 1 0 1
151 1 0 1
154 1 0 1
155 1 0 1
156 1 0 1
158 1 0 1
167 1 0 1
168 1 0 1
170 1 0 1
174 2 0 2
175 1 0 1
180 1 0 1
182 1 0 1
189 1 0 1
204 1 0 1
210 1 0 1
213 1 0 1
222 1 0 1
224 1 0 1
226 1 0 1
237 1 0 1
240 1 0 1
248 4 0 4
251 1 0 1
252 2 0 2
254 1 0 1
260 1 0 1
266 2 0 2
269 1 0 1
285 2 0 2
310 1 0 1
314 1 0 1
317 1 0 1
319 1 0 1
329 1 0 1
335 1 0 1
339 1 0 1
351 1 0 1
353 1 0 1
354 1 0 1
367 4 0 4
369 1 0 1
379 1 0 1
387 1 0 1
388 1 0 1
391 5 0 5
394 1 0 1
408 2 0 2
415 4 0 4
418 1 0 1
422 1 0 1
427 1 0 1
434 1 0 1
447 2 0 2
459 1 0 1
471 1 0 1
473 1 0 1
488 1 0 1
507 1 0 1
511 1 0 1
517 1 0 1
521 1 0 1
522 2 0 2
524 3 0 3
526 1 0 1
533 3 1 2
565 3 0 3
566 1 0 1
570 1 0 1
572 1 0 1
591 1 0 1
596 1 0 1
603 1 0 1
624 1 0 1
629 1 0 1
653 1 0 1
685 1 0 1
690 1 0 1
700 5 0 5
713 3 0 3
717 1 0 1
737 1 0 1
744 1 0 1
759 2 0 2
773 3 0 3
788 1 0 1
793 1 0 1
801 1 0 1
805 1 0 1
835 1 1 0
851 1 0 1
854 1 0 1
872 1 0 1
874 1 0 1
877 1 0 1
881 2 0 2
908 1 0 1
909 1 0 1
914 1 0 1
928 1 0 1
932 1 0 1
934 1 0 1
946 1 0 1
962 4 0 4
980 1 0 1
987 1 0 1
1000 1 0 1
1001 1 0 1
1002 1 0 1
1003 1 0 1
1004 1 0 1
1006 1 0 1
1010 1 0 1
1011 3 0 3
1012 1 0 1
1013 1 0 1
1016 1 0 1
1017 1 0 1
1018 1 0 1
1020 1 0 1
1025 1 0 1
1026 3 0 3
1028 1 0 1
1031 1 0 1
1039 2 0 2
1042 2 0 2
1044 1 0 1
1047 1 0 1
1051 4 0 4
1052 1 0 1
1055 1 0 1
1066 1 0 1
1071 2 0 2
1078 3 0 3
1095 1 0 1
1099 1 0 1
1101 1 0 1
1112 1 0 1
1134 1 1 0
1144 1 0 1
1155 1 0 1
1156 1 0 1
1161 1 1 0
1228 1 0 1
1232 1 0 1
1252 1 0 1
1256 1 0 1
1262 1 0 1
1284 1 0 1
1316 2 0 2
1364 4 0 4
1412 1 0 1
1435 1 0 1
1451 1 0 1
1503 3 0 3
1519 1 0 1
1554 4 0 4
1561 1 0 1
1589 1 0 1
1679 1 0 1
1792 1 0 1
1829 2 0 2
1846 2 0 2
1847 4 0 4
2000 1 0 1
2001 1 0 1
2002 1 0 1
2006 1 0 1
2008 1 1 0
2009 1 0 1
2012 1 0 1
2013 1 0 1
2014 2 0 2
2019 1 0 1
2020 1 0 1
2022 1 0 1
2023 1 0 1
2024 4 0 4
2025 1 0 1
2027 1 1 0
2030 1 0 1
2031 1 0 1
2032 1 0 1
2039 1 0 1
2046 1 0 1
2051 1 0 1
2055 2 0 2
2056 1 0 1
2064 1 0 1
2069 1 0 1
2072 5 0 5
2090 3 0 3
2092 1 0 1
2093 1 0 1
2124 6 0 6
2134 1 0 1
2158 1 0 1
2164 1 0 1
2187 1 0 1
2209 1 0 1
2218 1 0 1
2264 1 0 1
2267 1 0 1
2353 1 0 1
2380 1 0 1
2384 1 0 1
2389 2 0 2
2412 1 0 1
2446 1 0 1
2468 2 0 2
2589 1 0 1
2647 1 0 1
2736 1 0 1
2738 1 0 1
2797 1 0 1
2927 1 0 1
3001 1 0 1
3002 3 0 3
3003 1 1 0
3005 1 0 1
3006 2 0 2
3007 3 0 3
3010 1 0 1
3012 1 0 1
3013 1 0 1
3014 1 0 1
3016 1 0 1
3018 1 0 1
3019 1 0 1
3023 1 0 1
3024 1 0 1
3025 2 0 2
3027 1 1 0
3028 1 0 1
3029 1 1 0
3032 1 0 1
3035 2 0 2
3036 1 1 0
3039 1 0 1
3048 8 0 8
3053 1 0 1
3054 1 0 1
3055 2 0 2
3057 1 0 1
3058 1 0 1
3062 1 0 1
3066 1 0 1
3069 1 0 1
3070 1 0 1
3074 1 0 1
3077 1 0 1
3080 1 0 1
3083 1 0 1
3084 1 0 1
3089 1 0 1
3095 2 0 2
3102 1 0 1
3104 5 0 5
3108 1 0 1
3114 1 0 1
3120 1 0 1
3130 2 0 2
3132 1 0 1
3135 1 0 1
3139 1 0 1
3141 1 0 1
3144 1 0 1
3145 1 0 1
3146 1 0 1
3151 3 0 3
3152 1 0 1
3161 1 0 1
3165 1 0 1
3169 1 0 1
3170 1 0 1
3176 1 0 1
3179 1 0 1
3180 1 0 1
3182 2 0 2
3185 1 0 1
3190 1 0 1
3192 1 0 1
3193 10 0 10
3194 22 0 22
3195 3 0 3
3208 2 0 2
3212 1 0 1
3221 1 0 1
3225 1 0 1
3230 1 0 1
3241 1 0 1
3244 1 0 1
3257 1 0 1
3258 1 0 1
3266 2 0 2
3268 1 0 1
3275 1 0 1
3280 1 0 1
3283 2 0 2
3288 5 0 5
3293 1 0 1
3299 3 0 3
3304 1 0 1
3324 1 0 1
3335 1 0 1
3337 1 0 1
3341 1 0 1
3342 1 0 1
3347 2 0 2
3350 2 0 2
3351 2 0 2
3359 1 0 1
3365 1 0 1
3369 1 0 1
3383 1 0 1
3392 1 0 1
3404 1 1 0
3410 1 0 1
3429 1 0 1
3430 1 0 1
3433 1 0 1
3439 1 0 1
3442 1 0 1
3447 1 0 1
3476 1 0 1
3480 1 0 1
3485 2 0 2
3501 2 0 2
3505 3 0 3
3522 1 0 1
3523 1 0 1
3525 1 0 1
3527 2 0 2
3538 1 0 1
3542 1 0 1
3546 1 0 1
3552 1 0 1
3554 1 0 1
3562 1 0 1
3565 1 0 1
3578 4 0 4
3584 1 1 0
3599 1 0 1
3609 2 1 1
3610 1 0 1
3613 4 0 4
3623 1 0 1
3637 1 0 1
3646 2 0 2
3658 17 0 17
3661 2 0 2
3667 1 0 1
3692 86 0 86
3705 2 0 2
3714 1 0 1
3715 2 0 2
3753 1 0 1
3755 1 0 1
3757 1 0 1
3787 1 0 1
3794 1 0 1
3796 3 0 3
3804 1 0 1
3808 1 0 1
3810 1 0 1
3813 1 0 1
3816 1 0 1
3819 1 0 1
3849 1 0 1
3856 1 0 1
3859 1 0 1
3872 1 0 1
3884 1 0 1
3885 1 0 1
3888 1 0 1
3903 1 0 1
3904 1 0 1
3920 1 0 1
3921 1 0 1
3940 1 0 1
3957 1 0 1
3959 1 0 1
3964 1 0 1
3967 1 0 1
3982 21 0 21
4000 1 0 1
4001 1 0 1
4002 1 1 0
4006 1 0 1
4007 1 0 1
4012 2 1 1
4013 1 0 1
4035 1 0 1
4043 1 0 1
4060 1 0 1
4069 1 0 1
4096 1 0 1
4100 1 0 1
4114 1 0 1
4126 1 0 1
4129 1 0 1
4130 1 0 1
4149 1 0 1
4173 1 0 1
4181 35 0 35
4185 1 0 1
4188 1 0 1
4191 1 0 1
4199 1 0 1
4203 1 1 0
4204 1 0 1
4222 2 0 2
4240 1 0 1
4242 1 0 1
4254 1 0 1
4258 1 1 0
4262 1 1 0
4274 1 0 1
4277 1 1 0
4303 1 0 1
4309 1 0 1
4319 1 0 1
4332 21 0 21
4341 13 0 13
4348 1 0 1
4377 1 0 1
4381 1 0 1
4391 3 0 3
4397 3 0 3
4405 1 0 1
4426 13 0 13
4430 1 0 1
4464 1 0 1
4469 1 0 1
4489 2 0 2
4498 1 0 1
4515 2 0 2
4521 1 0 1
4525 1 0 1
4563 1 0 1
4565 2 0 2
4575 1 1 0
4583 1 0 1
4586 1 0 1
4587 1 0 1
4604 1 0 1
4616 1 0 1
4649 1 0 1
4653 5 0 5
4714 1 0 1
4746 1 0 1
4750 1 0 1
4759 1 0 1
4776 2 0 2
4783 1 0 1
4797 1 0 1
4823 1 0 1
4854 1 0 1
4898 1 0 1
4917 2 0 2
4918 1 1 0
4924 1 0 1
4983 1 0 1
4986 1 0 1
5000 1 0 1
5002 1 0 1
5004 1 1 0
5005 1 0 1
5007 1 0 1
5009 1 0 1
5010 1 0 1
5011 1 1 0
5015 1 0 1
5021 1 0 1
5023 1 0 1
5028 1 0 1
5032 1 0 1
5038 3 0 3
5047 1 0 1
5049 2 0 2
5053 1 1 0
5062 1 0 1
5072 1 1 0
5077 1 0 1
5079 1 0 1
5104 1 0 1
5125 1 0 1
5128 1 0 1
5141 6 0 6
5144 4 0 4
5147 1 0 1
5148 4 0 4
5149 1 0 1
5159 1 0 1
5164 1 0 1
5179 1 0 1
5185 1 0 1
5204 1 1 0
5210 2 0 2
5221 1 0 1
5223 1 0 1
5224 1 0 1
5267 1 0 1
5286 2 0 2
5301 1 0 1
5308 1 0 1
5328 2 0 2
5330 1 0 1
5344 1 0 1
5347 2 0 2
5352 1 0 1
5406 1 0 1
5486 3 0 3
5592 1 0 1
5642 24488 45 24443
5681 1 0 1
5730 1 0 1
5734 2 0 2
5880 1 0 1
6000 1 0 1
6001 1 0 1
6002 3 0 3
6004 1 1 0
6005 4 1 3
6007 1 1 0
6009 1 1 0
6013 1 0 1
6014 1 0 1
6015 1 0 1
6016 1 1 0
6017 1 1 0
6020 1 0 1
6023 1 0 1
6027 2 0 2
6028 2 0 2
6030 1 0 1
6035 1 0 1
6037 1 0 1
6038 2 0 2
6042 1 0 1
6043 1 0 1
6046 1 0 1
6055 1 0 1
6063 1 0 1
6067 1 0 1
6074 2 0 2
6081 2 0 2
6084 1 0 1
6089 2 1 1
6095 1 0 1
6101 1 0 1
6102 1 0 1
6115 1 0 1
6119 6 0 6
6135 46 0 46
6137 8 0 8
6173 1 0 1
6186 1 0 1
6209 2 0 2
6218 1 0 1
6246 2 0 2
6255 3 2 1
6257 1 0 1
6262 1 0 1
6267 4 0 4
6272 1 0 1
6278 1 0 1
6285 1 0 1
6286 2 0 2
6290 1 0 1
6293 1 1 0
6298 1 0 1
6304 1 0 1
6305 10 0 10
6313 1 1 0
6317 1 0 1
6320 1 0 1
6339 5 0 5
6358 1 0 1
6375 1 0 1
6398 1 0 1
6404 4 0 4
6405 1 0 1
6435 2 0 2
6460 1 0 1
6461 1 1 0
6462 1 0 1
6467 6 1 5
6495 2 0 2
6512 1 0 1
6532 1 0 1
6537 1 0 1
6541 1 0 1
6556 1 0 1
6573 3 0 3
6583 1 0 1
6588 1 0 1
6593 1 0 1
6601 52 0 52
6648 1 0 1
6676 1 0 1
6689 1 0 1
6722 3 0 3
6761 1 0 1
6794 1 0 1
6803 1 0 1
6824 5 0 5
6831 1 0 1
6896 1 0 1
6900 1 0 1
6901 1 0 1
6903 2 0 2
6910 1 0 1
6920 1 0 1
6946 1 0 1
6952 2 0 2
6965 1 0 1
7000 1 0 1
7001 1 1 0
7002 2 0 2
7004 1 0 1
7005 1 0 1
7008 1 0 1
7011 1 1 0
7014 1 0 1
7023 3 0 3
7024 1 0 1
7031 1 0 1
7032 1 0 1
7045 5 0 5
7049 1 0 1
7052 1 0 1
7060 1 0 1
7069 1 0 1
7070 1 0 1
7075 1 0 1
7095 1 0 1
7103 2 0 2
7108 1 0 1
7128 1 0 1
7129 1 0 1
7145 3 0 3
7147 1 0 1
7153 1 0 1
7164 1 0 1
7188 1 0 1
7193 1 0 1
7201 1 0 1
7238 2 0 2
7247 1 0 1
7268 1 0 1
7287 3 0 3
7358 1 0 1
7387 13 0 13
7404 1 0 1
7417 1 0 1
7418 1 0 1
7469 1 0 1
7476 1 0 1
7499 1 0 1
7508 2 0 2
7522 3 0 3
7532 1 0 1
7541 1 0 1
7550 1 0 1
7558 1 0 1
7675 1 0 1
7710 1 0 1
7735 1 0 1
7759 2 0 2
7767 1 0 1
7797 1 0 1
7804 1 0 1
7823 1 0 1
7825 1 0 1
7890 1 0 1
7911 1 0 1
7952 1 0 1
8000 1 0 1
8001 1 0 1
8002 2 0 2
8003 1 1 0
8004 1 1 0
8005 1 0 1
8006 1 0 1
8009 3 0 3
8011 1 0 1
8012 1 0 1
8013 1 0 1
8016 1 0 1
8017 4 0 4
8018 3 0 3
8022 1 0 1
8025 1 0 1
8028 3 2 1
8036 3 0 3
8037 1 0 1
8039 3 0 3
8040 2 0 2
8047 1 0 1
8048 2 1 1
8049 1 0 1
8054 2 0 2
8056 2 2 0
8062 2 1 1
8067 2 2 0
8082 1 0 1
8096 1 0 1
8117 1 0 1
8124 1 0 1
8125 1 0 1
8130 17 0 17
8132 2 1 1
8135 1 0 1
8137 1 0 1
8139 1 0 1
8152 1 0 1
8153 1 0 1
8156 46 0 46
8168 1 0 1
8187 3 0 3
8218 2 0 2
8233 1 0 1
8235 1 0 1
8238 1 0 1
8267 3 0 3
8268 2 0 2
8466 27 0 27
8493 1 0 1
8526 1 0 1
8540 3 0 3
8549 1 0 1
8564 1 0 1
8574 1 0 1
8581 1 0 1
8599 2 0 2
8612 1 0 1
8637 12 0 12
8671 2 0 2
8695 2 0 2
8698 1 0 1
8703 1 0 1
8771 1 0 1
8795 1 0 1
8797 1 0 1
8813 1 0 1
8844 1 0 1
8846 1 1 0
8886 1 0 1
8893 1 0 1
8983 1 0 1
8985 1 0 1
9000 1 0 1
9002 1 0 1
9003 2 0 2
9004 1 0 1
9005 1 0 1
9006 8 0 8
9007 1 0 1
9011 6 0 6
9012 1 0 1
9013 1 0 1
9017 2 0 2
9018 1 0 1
9021 1 1 0
9022 1 0 1
9023 1 0 1
9024 1 1 0
9025 11 0 11
9026 3 0 3
9028 1 0 1
9029 1 0 1
9031 1 0 1
9032 1 0 1
9035 1 0 1
9036 1 0 1
9045 17 0 17
9048 1 0 1
9051 1 0 1
9052 1 0 1
9056 1 0 1
9059 1 0 1
9061 1 0 1
9063 1 0 1
9065 2 0 2
9066 1 0 1
9069 1 0 1
9070 1 0 1
9072 2 0 2
9073 1 0 1
9074 1 1 0
9078 1 0 1
9079 1 0 1
9080 1 0 1
9083 1 0 1
9087 1 0 1
9090 1 0 1
9092 1 0 1
9093 1 0 1
9094 1 0 1
9100 1 0 1
9104 1 0 1
9110 11 0 11
9113 1 0 1
9119 1 0 1
9121 1 1 0
9126 1 0 1
9141 2 0 2
9147 1 0 1
9153 1 0 1
9167 1 0 1
9179 1 0 1
9188 1 0 1
9195 1 0 1
9196 1 0 1
9205 1 0 1
9209 1 0 1
9220 2 0 2
9250 1 0 1
9253 1 0 1
9264 1 0 1
9271 1 0 1
9284 1 0 1
9291 1 0 1
9317 1 0 1
9323 11 0 11
9343 1 0 1
9354 1 0 1
9380 1 0 1
9387 1 0 1
9395 1 0 1
9411 1 0 1
9418 1 0 1
9419 1 0 1
9420 1 0 1
9424 1 0 1
9455 1 0 1
9457 4 0 4
9459 1 0 1
9487 1 0 1
9488 1 1 0
9496 2 0 2
9497 1 0 1
9501 1 0 1
9514 1 0 1
9522 5 0 5
9523 1 0 1
9532 1 0 1
9534 2 0 2
9539 1 0 1
9548 1 0 1
9584 2 0 2
9590 1 0 1
9601 2 0 2
9608 2 0 2
9693 1 0 1
9704 2 0 2
9718 1 0 1
9750 1 0 1
9764 2 0 2
9781 1 0 1
9784 1 0 1
9786 1 0 1
9795 4 0 4
9799 1 0 1
9806 1 0 1
9819 2 0 2
9834 1 0 1
9860 1 0 1
9870 1 0 1
9944 1 0 1
9965 1 0 1
9976 1 0 1
9992 1 0 1
10000 1 0 1
10001 1 0 1
10003 1 0 1
10004 1 1 0
10005 1 0 1
10006 4 0 4
10010 1 0 1
10011 1 0 1
10012 1 0 1
10014 1 0 1
10015 1 0 1
10020 1 0 1
10021 1 0 1
10024 1 0 1
10025 1 1 0
10026 1 0 1
10035 1 0 1
10036 1 0 1
10042 1 0 1
10044 1 0 1
10052 1 0 1
10056 6 0 6
10058 1 0 1
10063 1 0 1
10065 1 0 1
10066 1 0 1
10067 1 0 1
10068 1 0 1
10070 1 0 1
10071 1 0 1
10073 1 0 1
10075 1 0 1
10078 1 0 1
10080 1 0 1
10086 1 0 1
10087 1 0 1
10089 1 0 1
10090 1 0 1
10091 1 0 1
10104 1 0 1
10106 1 0 1
10108 1 0 1
10113 6 0 6
10115 1 0 1
10122 1 0 1
10126 3 0 3
10128 1 0 1
10133 2 0 2
10135 1 0 1
10139 1 0 1
10141 1 0 1
10142 1 0 1
10150 1 0 1
10159 1 0 1
10163 1 0 1
10169 1 0 1
10172 1 0 1
10182 1 0 1
10184 1 0 1
10189 1 0 1
10206 1 0 1
10213 1 0 1
10219 1 0 1
10222 1 0 1
10227 1 0 1
10228 1 0 1
10242 1 0 1
10253 1 0 1
10254 1 0 1
10257 3 0 3
10277 1 0 1
10282 1 0 1
10284 1 0 1
10293 1 0 1
10297 1 0 1
10300 1 0 1
10304 2 0 2
10356 1 0 1
10383 1 0 1
10392 1 0 1
10414 1 0 1
10429 3 0 3
10457 1 0 1
10468 1 0 1
10469 1 0 1
10485 1 0 1
10531 1 0 1
10541 1 0 1
10600 1 0 1
10612 1 0 1
10615 1 0 1
10661 1 0 1
10697 1 0 1
10723 1 0 1
10742 2 0 2
10754 1 0 1
10805 1 0 1
10894 2 0 2
10902 1 0 1
10907 1 0 1
10926 18 0 18
10934 1 0 1
10994 1 0 1
11000 1 0 1
11013 1 0 1
11015 1 0 1
11016 1 0 1
11020 1 0 1
11021 1 0 1
11024 2 0 2
11028 1 0 1
11032 2 0 2
11034 1 0 1
11042 2 2 0
11044 1 0 1
11046 41 0 41
11047 1 1 0
11050 1 0 1
11055 2 0 2
11059 3 0 3
11061 2 0 2
11065 2 0 2
11067 1 0 1
11074 1 0 1
11077 1 0 1
11081 2 0 2
11083 1 0 1
11086 4 0 4
11087 1 0 1
11088 1 0 1
11101 1 0 1
11102 1 0 1
11127 1 0 1
11128 1 0 1
11136 1 0 1
11141 1 0 1
11150 1 0 1
11173 1 0 1
11183 1 0 1
11217 1 0 1
11223 1 0 1
11301 1 0 1
11342 1 0 1
11354 1 0 1
11380 2 0 2
11384 1 0 1
11385 1 0 1
11416 3 0 3
11452 1 0 1
11464 1 0 1
11533 1 0 1
11579 1 0 1
11638 1 0 1
11640 2 0 2
11726 1 0 1
11730 4 0 4
11754 1 0 1
11798 1 0 1
11801 1 0 1
11828 1 0 1
11834 1 0 1
12000 1 0 1
12001 1 1 0
12002 1 0 1
12003 1 0 1
12004 1 0 1
12005 1 0 1
12006 1 0 1
12007 1 0 1
12008 1 0 1
12009 3 0 3
12010 1 0 1
12012 1 0 1
12014 1 0 1
12015 1 0 1
12016 1 0 1
12017 2 0 2
12018 1 0 1
12019 1 0 1
12022 1 0 1
12023 1 0 1
12024 1 0 1
12028 2 0 2
12035 3 0 3
12039 1 0 1
12040 1 0 1
12048 1 0 1
12050 3 0 3
12051 1 0 1
12052 1 0 1
12057 1 0 1
12060 1 0 1
12062 1 0 1
12140 6 0 6
12172 1 0 1
12232 1 0 1
12277 4 0 4
12397 1 0 1
12405 1 0 1
12429 1 0 1
12454 4 0 4
12464 1 0 1
12518 1 0 1
12695 2 0 2
12746 2 0 2
12874 1 0 1
12875 1 0 1
12905 1 0 1
12952 2 0 2
12984 1 0 1
13000 1 0 1
13001 1 0 1
13002 1 0 1
13003 3 1 2
13005 1 0 1
13006 5 0 5
13007 1 0 1
13008 2 0 2
13011 1 0 1
13013 1 1 0
13014 1 1 0
13015 1 0 1
13016 1 0 1
13020 1 0 1
13030 1 0 1
13032 1 0 1
13033 1 1 0
13045 1 0 1
13048 2 0 2
13053 1 0 1
13057 2 0 2
13059 1 0 1
13071 1 1 0
13080 1 1 0
13095 1 0 1
13119 1 0 1
13127 1 1 0
13128 1 0 1
13129 3 0 3
13140 1 0 1
13144 1 0 1
13149 1 0 1
13152 3 0 3
13153 1 0 1
13159 1 0 1
13188 1 0 1
13189 1 0 1
13197 1 0 1
13210 1 0 1
13221 1 0 1
13252 1 0 1
13268 2 0 2
13271 1 0 1
13273 1 0 1
13299 1 0 1
13317 1 1 0
13322 1 0 1
13323 2 0 2
13326 1 0 1
13352 5 0 5
13364 1 0 1
13365 1 0 1
13375 1 0 1
13402 1 0 1
13404 1 0 1
13407 1 0 1
13421 2 0 2
13432 1 1 0
13436 1 0 1
13446 3 0 3
13470 1 0 1
13573 5 0 5
13575 1 0 1
13597 1 0 1
13603 1 0 1
13643 1 0 1
13691 1 0 1
13717 2 0 2
13729 1 0 1
13802 1 0 1
13865 1 0 1
13960 1 0 1
13974 1 0 1
14000 1 0 1
14001 1 1 0
14002 1 0 1
14004 1 1 0
14005 1 0 1
14006 1 0 1
14007 1 0 1
14008 1 0 1
14009 1 0 1
14011 1 0 1
14012 6 0 6
14013 1 0 1
14086 100 0 100
14112 1 0 1
14121 1 0 1
14123 2 0 2
14126 1 0 1
14129 3 0 3
14136 5 0 5
14139 1 0 1
14143 1 0 1
14144 1 0 1
14149 1 0 1
14173 1 0 1
14174 1 0 1
14177 1 0 1
14180 1 0 1
14192 1 0 1
14199 1 0 1
14204 4 0 4
14215 2 0 2
14242 1 0 1
14254 1 0 1
14261 2 0 2
14262 1 0 1
14266 1 0 1
14269 1 0 1
14275 1 0 1
14297 1 0 1
14326 1 0 1
14362 1 0 1
14363 3 0 3
14394 1 0 1
14406 1 0 1
14409 1 0 1
14428 3 0 3
14459 4 0 4
14469 1 0 1
14482 1 0 1
14487 1 0 1
14494 4 0 4
14549 2 0 2
14560 1 0 1
14561 1 0 1
14613 1 0 1
14620 1 0 1
14675 1 0 1
14690 1 0 1
14707 1 0 1
14712 1 0 1
14730 1 0 1
14736 1 0 1
14738 1 0 1
14776 1 0 1
14790 1 0 1
14814 2 0 2
14841 1 0 1
14842 1 0 1
14852 1 0 1
14868 1 0 1
14876 1 0 1
14900 1 0 1
14935 1 0 1
14957 1 0 1
14964 2 0 2
15000 1 0 1
15001 1 0 1
15002 1 0 1
15004 2 0 2
15010 4 0 4
15013 10 0 10
15018 1 0 1
15020 1 0 1
15022 1 0 1
15027 1 0 1
15028 1 0 1
15032 1 0 1
15037 1 0 1
15038 1 0 1
15039 1 0 1
15041 1 0 1
15044 1 0 1
15048 1 0 1
15049 1 0 1
15051 1 0 1
15053 1 1 0
15054 1 0 1
15055 2 0 2
15057 1 0 1
15063 1 0 1
15068 1 0 1
15076 1 0 1
15083 1 0 1
15086 1 0 1
15090 1 0 1
15091 1 0 1
15096 1 1 0
15098 1 0 1
15101 1 0 1
15103 2 0 2
15108 9 0 9
15114 1 0 1
15117 3 0 3
15120 1 0 1
15137 1 0 1
15138 1 0 1
15144 1 0 1
15150 1 0 1
15151 1 0 1
15152 1 0 1
15162 1 0 1
15165 1 0 1
15167 1 0 1
15168 1 0 1
15178 1 0 1
15193 1 0 1
15221 1 0 1
15222 1 0 1
15225 1 0 1
15230 1 0 1
15232 1 0 1
15240 1 0 1
15242 1 0 1
15259 1 0 1
15271 1 0 1
15272 1 0 1
15324 1 0 1
15325 1 0 1
15331 3 0 3
15339 1 0 1
15363 3 0 3
15397 1 0 1
15412 1 0 1
15424 1 0 1
15445 1 0 1
15447 2 0 2
15474 1 0 1
15489 1 0 1
15492 1 0 1
15493 1 0 1
15513 3 0 3
15524 2 0 2
15538 1 0 1
15540 1 0 1
15552 1 0 1
15558 1 0 1
15577 1 0 1
15589 1 0 1
15594 1 0 1
15631 1 1 0
15634 1 0 1
15635 1 0 1
15638 1 0 1
15642 1 0 1
15644 1 0 1
15645 1 0 1
15674 1 0 1
15681 1 0 1
15692 2 0 2
15728 7 0 7
15777 1 0 1
15788 10 0 10
15796 1 0 1
15801 2 0 2
15826 1 0 1
15830 1 0 1
15832 1 0 1
15853 1 0 1
15870 1 0 1
15904 14 0 14
15929 1 0 1
15954 1 0 1
15962 1 0 1
15968 1 0 1
15993 1 0 1
16000 1 0 1
16001 1 0 1
16002 1 1 0
16003 1 0 1
16004 1 0 1
16005 1 0 1
16006 1 0 1
16007 1 0 1
16010 1 0 1
16011 1 0 1
16013 1 0 1
16015 1 0 1
16021 1 0 1
16035 1 0 1
16036 1 0 1
16073 1 0 1
16121 1 0 1
16134 1 0 1
16138 1 0 1
16203 1 0 1
16279 1 0 1
16374 1 0 1
16408 1 0 1
16500 1 0 1
16523 1 0 1
16525 1 0 1
16526 1 1 0
16527 1 0 1
16528 1 0 1
16529 1 1 0
16530 1 0 1
16531 8 0 8
16533 2 0 2
16535 1 0 1
16536 1 0 1
16540 1 0 1
16541 1 0 1
16544 1 0 1
16552 1 0 1
16553 3 0 3
16555 1 0 1
16556 1 0 1
16559 1 0 1
16567 1 0 1
16570 3 0 3
16572 17 0 17
16573 1 0 1
16581 3 0 3
16593 1 0 1
16615 1 0 1
16616 1 0 1
16621 1 0 1
16636 1 0 1
16646 2 0 2
16666 1 0 1
16676 4 0 4
16682 1 0 1
16687 1 0 1
16696 1 0 1
16707 1 0 1
16731 5 0 5
16753 1 0 1
16848 1 0 1
16864 1 0 1
16947 1 0 1
16976 1 0 1
17058 1 1 0
17061 1 1 0
17062 1 0 1
17063 1 0 1
17064 1 0 1
17065 4 0 4
17066 1 0 1
17068 1 0 1
17069 1 0 1
17070 1 0 1
17071 1 0 1
17072 1 0 1
17073 1 0 1
17074 1 0 1
17075 1 0 1
17076 2 0 2
17078 1 0 1
17079 1 0 1
17081 1 0 1
17082 4 0 4
17086 1 0 1
17088 1 0 1
17091 1 0 1
17096 1 0 1
17098 1 0 1
17099 1 0 1
17100 1 0 1
17104 2 0 2
17105 1 0 1
17106 1 0 1
17107 1 0 1
17109 1 0 1
17110 1 0 1
17112 2 0 2
17116 3 0 3
17120 1 0 1
17121 1 0 1
17130 1 0 1
17132 1 0 1
17139 1 0 1
17149 7 0 7
17150 1 0 1
17153 1 0 1
17156 1 0 1
17160 1 0 1
17162 1 0 1
17168 1 0 1
17192 1 0 1
17196 1 0 1
17201 1 0 1
17202 1 0 1
17219 8 0 8
17235 1 0 1
17256 1 0 1
17258 1 0 1
17259 1 0 1
17262 2 0 2
17264 1 0 1
17266 1 0 1
17280 1 0 1
17281 1 0 1
17282 1 0 1
17283 1 1 0
17290 1 0 1
17291 1 0 1
17294 1 1 0
17295 1 1 0
17302 5 0 5
17315 1 1 0
17322 2 0 2
17325 1 0 1
17327 1 0 1
17341 6 0 6
17346 3 0 3
17350 1 0 1
17368 1 0 1
17370 1 0 1
17379 1 0 1
17393 1 0 1
17403 1 0 1
17404 1 0 1
17412 1 0 1
17417 1 0 1
17422 2 0 2
17434 1 0 1
17444 1 0 1
17448 1 0 1
17451 170 0 170
17461 2 0 2
17462 1 0 1
17486 1 0 1
17490 1 0 1
17495 1 0 1
17500 1 0 1
17505 1 0 1
17514 1 0 1
17531 1 0 1
17597 1 0 1
17606 1 0 1
17623 1 0 1
17625 1 0 1
17652 1 0 1
17678 1 0 1
17714 1 0 1
17728 1 0 1
17742 2 0 2
17811 1 0 1
17854 1 0 1
17888 1 0 1
17927 3 0 3
17942 1 0 1
17944 1 0 1
17945 1 0 1
17955 1 0 1
17978 1 0 1
18004 1 0 1
18058 1 1 0
18059 1 0 1
18060 1 1 0
18062 1 0 1
18063 1 0 1
18064 1 0 1
18066 1 1 0
18071 1 0 1
18072 1 1 0
18074 1 0 1
18075 1 0 1
18095 1 0 1
18096 1 0 1
18097 1 0 1
18098 1 0 1
18101 2 0 2
18102 1 0 1
18103 2 0 2
18107 1 0 1
18110 1 0 1
18115 1 0 1
18118 1 0 1
18119 1 0 1
18120 1 0 1
18121 1 1 0
18123 2 0 2
18137 3 0 3
18144 1 0 1
18145 1 0 1
18148 1 0 1
18149 1 0 1
18150 1 0 1
18151 1 0 1
18153 1 0 1
18155 1 0 1
18175 1 0 1
18185 1 0 1
18212 1 0 1
18242 1 0 1
18254 1 0 1
18263 2 0 2
18300 1 0 1
18301 3 0 3
18354 1 0 1
18431 10 0 10
18434 1 0 1
18466 1 0 1
18472 1 0 1
18491 1 0 1
18495 1 0 1
18496 8 0 8
18527 1 0 1
18535 1 0 1
18539 1 0 1
18586 1 0 1
18587 1 0 1
18588 1 0 1
18607 1 0 1
18611 4 0 4
18616 2 0 2
18630 5 0 5
18635 1 0 1
18647 1 0 1
18656 1 0 1
18680 1 0 1
18685 1 0 1
18705 1 0 1
18750 1 0 1
18772 1 0 1
18793 2 0 2
18797 1 0 1
18810 2 0 2
18843 1 0 1
18851 1 0 1
18852 2 0 2
18855 1 0 1
18856 1 0 1
18861 1 0 1
18871 2 0 2
19058 1 0 1
19059 2 0 2
19060 1 0 1
19061 1 0 1
19063 1 0 1
19064 1 0 1
19065 2 0 2
19067 1 0 1
19069 1 0 1
19070 1 0 1
19071 1 0 1
19072 2 0 2
19074 1 0 1
19075 1 0 1
19076 1 0 1
19082 1 0 1
19085 1 1 0
19100 1 0 1
19101 3 0 3
19110 1 0 1
19113 2 0 2
19118 1 0 1
19182 1 0 1
19205 1 0 1
19272 1 0 1
19368 1 0 1
19438 2 0 2
19478 1 0 1
19559 1 0 1
19632 1 0 1
19807 1 0 1
19822 1 0 1
19823 1 0 1
19824 4 0 4
19892 1 0 1
19976 1 0 1
20058 1 0 1
20060 1 0 1
20061 1 0 1
20062 1 0 1
20067 1 0 1
20069 1 0 1
20070 2 0 2
20072 1 0 1
20074 2 0 2
20076 2 0 2
20079 7 0 7
20097 1 0 1
20099 2 0 2
20103 1 0 1
20106 1 0 1
20109 1 0 1
20111 1 1 0
20112 1 0 1
20113 1 0 1
20114 2 0 2
20118 1 0 1
20119 1 0 1
20121 1 0 1
20125 1 0 1
20126 1 0 1
20129 1 0 1
20130 1 0 1
20139 1 0 1
20145 1 0 1
20146 1 0 1
20147 1 0 1
20148 1 0 1
20151 1 0 1
20157 1 0 1
20162 1 0 1
20164 2 0 2
20165 1 0 1
20175 1 0 1
20190 1 0 1
20191 1 0 1
20202 2 0 2
20203 1 0 1
20206 42 0 42
20213 1 0 1
20214 1 0 1
20215 1 0 1
20216 2 0 2
20220 1 0 1
20226 1 0 1
20229 1 0 1
20238 1 0 1
20245 1 0 1
20251 1 0 1
20252 1 0 1
20255 1 0 1
20256 1 0 1
20265 2 0 2
20267 1 0 1
20268 1 0 1
20276 1 0 1
20282 1 0 1
20285 1 0 1
20308 1 0 1
20310 1 0 1
20311 1 0 1
20332 69 0 69
20336 1 0 1
20361 1 0 1
20380 1 0 1
20392 2 0 2
20427 1 0 1
20435 1 0 1
20442 1 0 1
20449 1 0 1
20478 1 0 1
20496 1 0 1
20500 1 0 1
20511 1 0 1
20512 1 0 1
20519 1 0 1
20535 1 0 1
20536 1 0 1
20549 1 0 1
20567 49 0 49
20576 1 0 1
20589 1 0 1
20594 1 0 1
20610 1 0 1
20618 1 0 1
20620 4 0 4
20622 1 0 1
20629 1 0 1
20631 1 0 1
20634 1 0 1
20673 1 0 1
20689 1 0 1
20702 1 0 1
20734 1 0 1
20735 1 0 1
20736 1 0 1
20750 2 0 2
20751 1 0 1
20778 1 0 1
20780 1 0 1
20794 1 0 1
20797 1 0 1
20798 1 0 1
20799 1 0 1
20821 1 0 1
20837 1 0 1
20839 1 0 1
20843 1 0 1
20847 1 0 1
20849 1 0 1
20870 1 0 1
20900 1 0 1
20905 1 0 1
20913 1 0 1
21010 1 0 1
21011 1 0 1
21018 2 0 2
21023 1 0 1
21033 1 0 1
21036 1 0 1
21046 1 0 1
21054 1 0 1
21058 1 0 1
21059 4 0 4
21060 1 0 1
21064 1 0 1
21065 1 0 1
21072 1 0 1
21073 1 0 1
21074 4 0 4
21077 1 0 1
21078 1 0 1
21079 2 0 2
21080 1 0 1
21081 1 0 1
21082 1 0 1
21083 1 0 1
21086 1 0 1
21089 1 0 1
21090 1 0 1
21091 1 0 1
21093 1 0 1
21094 2 0 2
21096 1 0 1
21097 1 0 1
21098 1 0 1
21105 1 0 1
21106 1 0 1
21111 4 0 4
21113 1 0 1
21114 1 0 1
21119 2 0 2
21122 1 0 1
21123 1 0 1
21130 1 0 1
21131 1 0 1
21138 6 0 6
21150 1 0 1
21153 14 0 14
21158 3 0 3
21160 1 0 1
21162 1 0 1
21163 1 0 1
21165 1 0 1
21167 7 0 7
21181 1 0 1
21182 1 0 1
21185 1 0 1
21189 1 0 1
21192 1 0 1
21194 1 0 1
21197 1 0 1
21202 1 0 1
21203 1 0 1
21205 1 0 1
21207 1 0 1
21210 1 0 1
21217 1 0 1
21227 1 0 1
21229 1 0 1
21230 1 0 1
21235 1 0 1
21237 1 0 1
21245 1 0 1
21251 1 0 1
21253 6 0 6
21259 2 0 2
21264 1 0 1
21268 1 0 1
21287 4 0 4
21295 32 0 32
21330 1 0 1
21347 6 0 6
21351 4 0 4
21371 1 0 1
21373 30 0 30
21375 1 1 0
21387 1 0 1
21390 1 0 1
21392 1 0 1
21435 1 0 1
21463 1 0 1
21470 1 0 1
21480 1 0 1
21490 1 0 1
21491 2 0 2
21494 1 0 1
21501 1 0 1
21516 1 0 1
21523 1 0 1
21536 1 0 1
21576 2 0 2
21583 2 0 2
21633 1 0 1
21666 2 0 2
21681 1 0 1
21687 1 0 1
21688 1 0 1
21690 1 0 1
21746 1 0 1
21940 3 0 3
21953 3 0 3
21972 1 0 1
22032 1 0 1
22033 1 0 1
22058 1 0 1
22059 2 0 2
22060 1 0 1
22063 2 0 2
22064 1 0 1
22065 1 1 0
22066 1 0 1
22071 1 1 0
22073 1 0 1
22076 2 0 2
22078 2 0 2
22079 1 0 1
22080 1 0 1
22083 1 0 1
22084 1 0 1
22086 1 0 1
22087 1 0 1
22088 1 0 1
22089 1 0 1
22092 2 0 2
22098 3 1 2
22099 4 0 4
22100 3 0 3
22101 1 0 1
22102 1 0 1
22103 2 0 2
22108 1 0 1
22113 2 0 2
22115 3 0 3
22118 1 0 1
22121 8 0 8
22125 1 0 1
22128 1 0 1
22132 1 0 1
22139 2 0 2
22141 1 0 1
22143 2 0 2
22144 1 0 1
22145 1 0 1
22147 1 0 1
22148 3 0 3
22156 1 0 1
22159 2 0 2
22164 1 0 1
22171 1 0 1
22172 1 0 1
22173 1 0 1
22184 1 0 1
22191 2 0 2
22192 1 0 1
22193 1 0 1
22200 1 0 1
22211 1 0 1
22212 1 0 1
22214 1 0 1
22224 1 0 1
22225 1 0 1
22228 1 0 1
22239 1 0 1
22254 1 0 1
22266 1 0 1
22267 1 0 1
22271 1 0 1
22277 1 0 1
22306 1 0 1
22308 1 0 1
22330 2 0 2
22334 1 0 1
22380 1 0 1
22447 1 0 1
22455 1 0 1
22462 1 0 1
22486 1 0 1
22516 1 0 1
22586 2 0 2
22620 6 0 6
22622 1 0 1
22707 1 0 1
22730 3 0 3
22753 1 0 1
22914 2 0 2
22953 1 0 1
22959 1 0 1
23001 1 0 1
23011 1 0 1
23012 1 0 1
23058 1 1 0
23059 1 1 0
23060 5 0 5
23061 1 1 0
23062 1 0 1
23064 1 0 1
23068 1 1 0
23069 1 1 0
23071 1 0 1
23072 3 0 3
23073 1 1 0
23080 1 0 1
23084 1 0 1
23088 1 0 1
23089 1 0 1
23090 1 0 1
23092 1 0 1
23093 1 0 1
23099 1 1 0
23103 1 0 1
23106 1 0 1
23109 1 0 1
23115 1 0 1
23116 1 0 1
23120 2 0 2
23124 2 0 2
23128 1 0 1
23135 2 0 2
23136 1 0 1
23138 1 0 1
23149 1 0 1
23160 1 0 1
23163 1 0 1
23164 1 0 1
23185 1 0 1
23197 2 0 2
23203 1 0 1
23214 4 0 4
23231 1 0 1
23237 6 0 6
23273 2 0 2
23296 1 0 1
23305 1 0 1
23322 1 0 1
23406 1 0 1
23541 1 0 1
23554 1 0 1
23580 1 0 1
23607 1 0 1
23667 1 0 1
23681 1 0 1
23726 1 0 1
23764 1 0 1
23769 1 0 1
23930 1 0 1
23976 1 0 1
23984 1 0 1
23987 1 0 1
23988 2 0 2
24009 1 0 1
24025 1 0 1
24054 1 0 1
24058 2 0 2
24060 2 0 2
24061 1 0 1
24062 1 0 1
24064 1 0 1
24065 2 0 2
24067 1 0 1
24071 1 0 1
24072 1 0 1
24078 1 0 1
24082 2 0 2
24083 1 0 1
24088 1 0 1
24090 1 0 1
24092 1 0 1
24096 1 0 1
24097 1 0 1
24103 1 0 1
24106 1 0 1
24116 2 0 2
24118 1 0 1
24119 1 0 1
24128 1 0 1
24129 1 0 1
24130 1 0 1
24132 1 0 1
24133 1 0 1
24134 1 0 1
24136 1 0 1
24137 1 0 1
24138 1 1 0
24139 1 0 1
24140 1 0 1
24150 1 0 1
24152 1 0 1
24155 5 0 5
24159 1 0 1
24161 5 0 5
24165 1 0 1
24167 1 0 1
24168 1 0 1
24174 4 0 4
24175 1 0 1
24179 1 0 1
24181 1 0 1
24183 2 0 2
24185 1 0 1
24194 1 1 0
24196 1 0 1
24205 1 0 1
24206 1 0 1
24207 2 0 2
24214 1 0 1
24215 1 0 1
24216 1 0 1
24220 1 0 1
24224 1 0 1
24237 1 0 1
24238 1 0 1
24239 1 0 1
24240 1 0 1
24242 26 0 26
24253 1 0 1
24254 2 0 2
24279 1 0 1
24283 1 0 1
24296 8 0 8
24313 20 0 20
24330 1 0 1
24338 1 0 1
24348 2 0 2
24351 1 0 1
24357 1 0 1
24374 1 0 1
24381 1 0 1
24383 1 0 1
24388 1 0 1
24402 1 0 1
24409 1 0 1
24435 1 0 1
24436 1 0 1
24442 2 0 2
24453 2 0 2
24462 1 0 1
24484 1 0 1
24485 1 0 1
24495 1 0 1
24522 2 0 2
24532 1 0 1
24534 1 0 1
24557 1 0 1
24561 8 0 8
24563 1 0 1
24564 1 0 1
24566 2 0 2
24572 1 0 1
24582 1 0 1
24615 1 0 1
24618 1 0 1
24621 1 0 1
24624 1 0 1
24656 1 0 1
24692 1 0 1
24736 1 0 1
24769 1 0 1
24771 1 0 1
24775 1 0 1
24778 1 0 1
24800 1 0 1
24823 5 0 5
24825 1 0 1
24840 2 0 2
24851 1 0 1
24852 1 0 1
24853 1 0 1
24865 1 0 1
24889 2 0 2
24893 1 0 1
24895 4 0 4
24908 1 0 1
24909 1 0 1
24924 1 0 1
24938 1 0 1
24943 1 0 1
24954 1 0 1
24979 1 0 1
25022 2 0 2
25043 1 0 1
25049 1 0 1
25053 1 0 1
25058 1 0 1
25059 1 0 1
25060 1 1 0
25061 1 0 1
25063 1 0 1
25064 1 0 1
25065 1 0 1
25066 1 0 1
25067 1 0 1
25069 1 0 1
25070 1 0 1
25071 1 1 0
25072 1 0 1
25073 1 0 1
25075 1 0 1
25077 1 0 1
25079 1 0 1
25080 1 0 1
25082 1 0 1
25083 1 0 1
25084 3 0 3
25086 1 0 1
25088 1 0 1
25089 1 1 0
25093 1 0 1
25094 1 1 0
25097 3 0 3
25098 1 0 1
25100 1 0 1
25102 1 0 1
25105 1 1 0
25110 2 0 2
25116 1 0 1
25117 1 0 1
25121 2 0 2
25130 1 1 0
25131 3 0 3
25132 1 0 1
25139 1 1 0
25150 1 0 1
25170 1 0 1
25179 2 0 2
25197 3 0 3
25203 1 0 1
25213 1 0 1
25216 1 0 1
25221 1 0 1
25225 1 0 1
25229 1 0 1
25238 1 0 1
25308 1 0 1
25311 4 0 4
25317 4 0 4
25336 1 0 1
25370 1 0 1
25377 1 0 1
25403 1 0 1
25433 5 0 5
25524 1 0 1
25562 1 0 1
25582 3 0 3
25637 1 0 1
25696 2 0 2
25703 1 0 1
25704 1 0 1
25711 1 0 1
25732 1 0 1
25825 1 0 1
25852 1 0 1
25867 1 0 1
25891 2 0 2
25953 1 0 1
26029 1 0 1
26057 1 0 1
26058 1 0 1
26059 2 0 2
26060 1 1 0
26062 2 0 2
26063 1 0 1
26064 1 0 1
26066 1 0 1
26067 4 0 4
26069 2 0 2
26070 1 0 1
26081 1 0 1
26082 1 0 1
26083 1 0 1
26084 1 0 1
26086 2 0 2
26088 5 0 5
26089 1 0 1
26092 1 0 1
26093 1 0 1
26094 1 0 1
26103 1 0 1
26112 1 0 1
26113 1 0 1
26114 1 0 1
26116 1 0 1
26117 1 0 1
26125 1 0 1
26131 1 0 1
26132 1 0 1
26140 1 0 1
26142 1 0 1
26147 1 0 1
26150 1 0 1
26154 1 0 1
26160 1 0 1
26168 1 0 1
26171 1 0 1
26172 1 0 1
26174 1 0 1
26196 1 0 1
26206 1 0 1
26220 1 0 1
26222 2 0 2
26223 1 0 1
26234 1 0 1
26250 3 0 3
26268 1 0 1
26283 2 0 2
26290 2 0 2
26302 1 0 1
26310 1 0 1
26326 1 0 1
26328 3 0 3
26331 1 0 1
26332 1 0 1
26337 1 0 1
26346 4 0 4
26363 1 0 1
26366 1 0 1
26381 1 0 1
26390 4 0 4
26419 1 0 1
26446 1 0 1
26482 1 0 1
26505 1 0 1
26511 1 0 1
26527 4 0 4
26563 1 0 1
26577 1 0 1
26578 1 0 1
26579 10 0 10
26583 1 0 1
26587 1 0 1
26604 1 0 1
26628 1 0 1
26678 2 0 2
26706 1 0 1
26717 1 0 1
26725 1 0 1
26744 1 0 1
26748 1 0 1
26754 1 0 1
26771 1 0 1
26795 1 0 1
26797 1 0 1
26808 1 0 1
26873 1 0 1
26883 1 0 1
26894 1 0 1
26903 1 0 1
26906 1 0 1
26938 1 0 1
26970 1 0 1
27021 1 0 1
27058 1 0 1
27059 2 0 2
27060 1 0 1
27061 1 0 1
27062 1 0 1
27063 1 0 1
27064 1 1 0
27065 1 0 1
27066 1 1 0
27067 1 0 1
27068 1 0 1
27069 1 0 1
27071 17 2 15
27072 1 1 0
27073 1 1 0
27076 1 0 1
27078 1 0 1
27080 1 0 1
27085 1 0 1
27086 1 0 1
27091 1 0 1
27093 1 0 1
27094 2 0 2
27096 2 0 2
27100 1 0 1
27102 1 0 1
27105 4 0 4
27106 1 0 1
27110 1 0 1
27116 3 0 3
27117 2 0 2
27118 1 0 1
27129 1 0 1
27132 3 0 3
27133 1 0 1
27135 1 0 1
27140 1 0 1
27141 1 0 1
27143 4 1 3
27145 1 0 1
27148 3 0 3
27149 1 0 1
27150 1 0 1
27151 1 0 1
27153 1 0 1
27161 1 0 1
27162 1 0 1
27163 1 0 1
27166 1 0 1
27167 1 0 1
27172 2 0 2
27174 2 0 2
27178 1 0 1
27179 1 0 1
27180 1 0 1
27189 1 0 1
27191 1 0 1
27193 1 0 1
27199 1 0 1
27200 1 0 1
27204 17 0 17
27208 4 0 4
27209 1 0 1
27217 1 0 1
27230 1 0 1
27239 1 0 1
27255 1 0 1
27268 1 0 1
27270 5 0 5
27273 1 0 1
27351 1 0 1
27362 10 0 10
27371 1 0 1
27396 1 0 1
27401 1 0 1
27411 1 0 1
27418 1 0 1
27421 1 0 1
27473 6 0 6
27490 3 0 3
27517 1 0 1
27554 1 0 1
27668 1 0 1
27826 1 0 1
27855 1 0 1
27862 1 0 1
27871 1 0 1
27876 1 0 1
27900 1 0 1
27935 1 0 1
27960 1 0 1
27987 1 0 1
28022 1 0 1
28051 1 0 1
28058 1 0 1
28059 1 0 1
28060 1 0 1
28061 3 0 3
28064 1 0 1
28067 1 0 1
28069 1 0 1
28079 1 0 1
28080 1 0 1
28085 1 0 1
28086 1 0 1
28127 18 1 17
28216 1 0 1
28219 2 0 2
28233 1 0 1
28261 1 1 0
28262 1 0 1
28280 1 0 1
28285 1 0 1
28340 2 0 2
28385 2 0 2
28402 1 0 1
28408 1 0 1
28412 1 0 1
28420 1 0 1
28439 3 0 3
28512 1 0 1
28549 1 0 1
28553 1 0 1
28562 1 0 1
28667 1 0 1
28705 1 0 1
28817 1 0 1
28826 1 0 1
28831 2 0 2
28843 17 0 17
28979 1 0 1
29020 1 0 1
