6 1 0 1
7 2 0 2
13 1 0 1
40 1 0 1
43 1 0 1
81 1 0 1
85 3 0 3
93 1 0 1
98 2 0 2
106 1 0 1
113 1 0 1
114 1 0 1
151 1 0 1
154 1 0 1
155 1 0 1
189 1 0 1
254 1 0 1
329 1 0 1
351 1 0 1
353 1 0 1
522 3 0 3
566 1 0 1
629 1 0 1
713 3 0 3
717 1 0 1
788 1 0 1
801 3 0 3
872 1 0 1
909 1 0 1
946 1 0 1
1001 1 0 1
1044 1 0 1
1134 1 1 0
1232 1 0 1
1792 1 0 1
2000 1 0 1
2001 1 0 1
2002 1 0 1
2008 1 1 0
2012 3 0 3
2013 1 0 1
2022 1 0 1
2024 6 0 6
2027 1 1 0
2039 1 0 1
2051 1 0 1
2093 1 0 1
2164 1 0 1
3001 1 0 1
3005 2 0 2
3016 1 0 1
3018 1 0 1
3019 1 0 1
3025 2 0 2
3032 1 0 1
3036 1 1 0
3054 1 0 1
3058 1 0 1
3062 1 0 1
3069 1 0 1
3080 2 0 2
3114 1 0 1
3161 1 0 1
3185 1 0 1
3190 1 0 1
3258 1 0 1
3266 2 0 2
3351 3 0 3
3369 2 0 2
3392 1 0 1
3542 1 0 1
3565 1 0 1
3584 1 1 0
3613 6 0 6
3623 1 0 1
3667 1 0 1
3885 1 0 1
3920 2 1 1
3964 1 0 1
4001 2 1 1
4035 1 0 1
4060 1 0 1
4100 1 0 1
4173 1 0 1
4204 2 0 2
4377 1 0 1
4381 1 0 1
4464 1 0 1
4525 1 0 1
4575 1 1 0
4759 1 0 1
4898 1 0 1
5002 1 0 1
5072 1 1 0
5104 1 0 1
5204 1 1 0
5406 1 0 1
5642 28200 111 28089
6004 1 1 0
6005 5 1 4
6017 1 1 0
6020 1 0 1
6043 2 0 2
6074 2 0 2
6101 1 0 1
6102 1 0 1
6135 55 0 55
6218 1 0 1
6262 2 0 2
6272 1 0 1
6286 2 0 2
6304 1 0 1
6339 5 0 5
6398 1 0 1
6794 1 0 1
7000 1 0 1
7004 1 0 1
7011 1 1 0
7153 1 0 1
7247 1 0 1
7404 1 0 1
7418 1 0 1
7508 2 0 2
7532 1 0 1
7797 1 0 1
7804 1 0 1
7823 1 0 1
7952 1 0 1
8001 1 0 1
8004 1 1 0
8011 1 0 1
8013 1 0 1
8039 11 0 11
8054 3 0 3
8062 6 5 1
8125 1 0 1
8137 1 0 1
8139 1 0 1
8156 50 0 50
8187 4 0 4
8218 2 0 2
8564 1 0 1
8846 1 1 0
8886 1 0 1
9000 1 0 1
9006 8 0 8
9018 2 1 1
9031 1 0 1
9032 1 0 1
9035 3 0 3
9048 1 0 1
9070 1 0 1
9073 1 0 1
9074 1 1 0
9087 1 0 1
9110 20 0 20
9121 1 1 0
9205 1 0 1
9343 1 0 1
9395 1 0 1
9455 1 0 1
9514 2 0 2
9548 1 0 1
9860 1 0 1
9870 1 0 1
9976 1 0 1
10000 1 0 1
10001 1 0 1
10006 6 1 5
10014 1 0 1
10015 1 0 1
10025 1 1 0
10058 1 0 1
10091 1 0 1
10106 1 0 1
10142 1 0 1
10163 1 0 1
10182 1 0 1
10222 1 0 1
10227 1 0 1
10242 1 0 1
10457 1 0 1
10468 1 0 1
10485 1 0 1
10600 1 0 1
10697 1 0 1
11015 1 0 1
11020 1 0 1
11021 1 0 1
11034 1 0 1
11050 1 0 1
11059 5 2 3
11061 3 0 3
11065 2 0 2
11074 1 0 1
11081 2 0 2
11083 1 0 1
11101 1 0 1
11136 1 0 1
11354 1 0 1
12000 1 0 1
12001 1 1 0
12002 1 0 1
12003 1 0 1
12004 1 0 1
12005 1 0 1
12008 2 0 2
12014 1 0 1
12022 1 0 1
12023 1 0 1
12039 1 0 1
12051 1 0 1
12052 1 0 1
12140 8 0 8
12232 1 0 1
12405 4 0 4
12984 1 0 1
13000 1 0 1
13001 2 0 2
13080 1 1 0
13188 1 0 1
13326 1 0 1
13364 1 0 1
13802 1 0 1
13865 1 0 1
14001 1 1 0
14004 1 1 0
14006 1 0 1
14009 1 0 1
14011 1 0 1
14013 1 0 1
14086 100 0 100
14112 1 0 1
14121 1 0 1
14139 1 0 1
14177 1 0 1
14261 2 0 2
14297 3 0 3
14409 1 0 1
14736 1 0 1
14841 1 0 1
15001 1 0 1
15002 1 0 1
15022 2 0 2
15028 1 0 1
15049 1 0 1
15051 1 0 1
15053 1 1 0
15114 1 0 1
15331 6 0 6
15447 3 0 3
15474 1 0 1
15493 1 0 1
15552 1 0 1
15830 1 0 1
15962 1 0 1
15993 1 0 1
16000 1 0 1
16001 1 0 1
16002 1 1 0
16004 1 0 1
16006 1 0 1
16015 1 0 1
16021 1 0 1
16035 1 0 1
16036 1 0 1
16525 1 0 1
16526 1 1 0
16527 1 0 1
16528 1 0 1
16529 1 1 0
16535 1 0 1
16541 1 0 1
16544 1 0 1
16553 3 0 3
16555 1 0 1
16615 1 0 1
16666 1 0 1
16682 2 0 2
16753 1 0 1
16864 1 0 1
17058 1 1 0
17061 1 1 0
17064 1 0 1
17066 1 0 1
17072 1 0 1
17073 1 0 1
17078 1 0 1
17086 1 0 1
17099 1 0 1
17100 1 0 1
17105 1 0 1
17120 1 0 1
17132 1 0 1
17150 1 0 1
17168 1 0 1
17192 1 0 1
17259 1 0 1
17264 1 0 1
17294 1 1 0
17295 1 1 0
17315 1 1 0
17393 1 0 1
17490 1 0 1
17597 1 0 1
17742 2 0 2
17811 1 0 1
17944 1 0 1
18058 1 1 0
18060 1 1 0
18063 1 0 1
18066 1 1 0
18071 1 0 1
18072 1 1 0
18075 1 0 1
18095 1 0 1
18097 1 0 1
18102 1 0 1
18121 1 1 0
18144 1 0 1
18145 1 0 1
18148 1 0 1
18149 1 0 1
18150 1 0 1
18153 1 0 1
18155 1 0 1
18175 1 0 1
18434 1 0 1
18527 1 0 1
18635 1 0 1
18705 1 0 1
18843 1 0 1
19061 2 0 2
19063 1 0 1
19065 3 1 2
19070 1 0 1
19071 1 0 1
19075 1 0 1
19076 1 0 1
19082 1 0 1
19118 1 0 1
19822 1 0 1
20058 1 0 1
20067 1 0 1
20103 1 0 1
20111 1 1 0
20113 1 0 1
20145 1 0 1
20165 2 0 2
20175 1 0 1
20238 1 0 1
20245 1 0 1
20251 1 0 1
20276 1 0 1
20336 1 0 1
20478 1 0 1
20512 1 0 1
20673 1 0 1
20798 1 0 1
20821 1 0 1
20870 1 0 1
21058 1 0 1
21060 1 0 1
21064 1 0 1
21072 1 0 1
21077 1 0 1
21080 1 0 1
21081 1 0 1
21093 1 0 1
21097 1 0 1
21106 1 0 1
21114 1 0 1
21123 1 0 1
21131 1 0 1
21181 1 0 1
21189 1 0 1
21194 1 0 1
21197 1 0 1
21227 1 0 1
21387 1 0 1
21392 1 0 1
22059 3 0 3
22065 1 1 0
22083 1 0 1
22084 2 0 2
22086 1 0 1
22087 1 0 1
22088 1 0 1
22128 1 0 1
22141 1 0 1
22147 1 0 1
22164 1 0 1
22171 1 0 1
22172 1 0 1
22239 1 0 1
23012 1 0 1
23058 1 1 0
23059 1 1 0
23062 1 0 1
23064 1 0 1
23069 2 1 1
23071 1 0 1
23072 3 0 3
23073 1 1 0
23089 1 0 1
23090 1 0 1
23093 1 0 1
23106 1 0 1
23128 1 0 1
23135 3 0 3
23149 1 0 1
23164 1 0 1
23185 1 0 1
23197 2 0 2
23203 1 0 1
23296 1 0 1
23541 1 0 1
23607 1 0 1
23681 1 0 1
23726 1 0 1
24009 1 0 1
24064 1 0 1
24106 1 0 1
24132 1 0 1
24137 1 0 1
24138 1 1 0
24165 1 0 1
24179 1 0 1
24181 1 0 1
24205 1 0 1
24381 1 0 1
24383 1 0 1
24534 1 0 1
24615 1 0 1
24909 1 0 1
24954 1 0 1
25059 2 0 2
25060 1 1 0
25061 1 0 1
25063 1 0 1
25064 1 0 1
25066 1 0 1
25067 1 0 1
25069 1 0 1
25071 1 1 0
25077 1 0 1
25079 1 0 1
25080 1 0 1
25083 1 0 1
25094 1 1 0
25098 1 0 1
25213 1 0 1
25225 1 0 1
25370 1 0 1
25403 1 0 1
25524 1 0 1
25696 2 0 2
26058 1 0 1
26081 2 0 2
26082 1 0 1
26083 1 0 1
26092 1 0 1
26131 1 0 1
26142 1 0 1
26220 1 0 1
26234 1 0 1
26290 2 0 2
26337 1 0 1
26419 1 0 1
26583 1 0 1
26706 1 0 1
26771 1 0 1
26795 1 0 1
27021 1 0 1
27058 1 0 1
27060 1 0 1
27064 1 1 0
27065 1 0 1
27067 2 0 2
27068 1 0 1
27069 1 0 1
27086 1 0 1
27091 1 0 1
27102 1 0 1
27151 1 0 1
27174 2 0 2
27191 1 0 1
27273 1 0 1
27411 1 0 1
27517 1 0 1
27876 1 0 1
27900 1 0 1
28058 1 0 1
28059 1 0 1
28061 3 0 3
28086 1 0 1
28280 1 0 1
28826 1 0 1
28979 1 0 1
29020 1 0 1
