6 1 0 1
7 1 0 1
13 1 0 1
14 1 0 1
30 1 0 1
34 1 0 1
36 1 0 1
40 1 0 1
43 1 0 1
57 1 0 1
63 1 0 1
67 1 0 1
74 1 0 1
81 1 0 1
82 3 0 3
83 1 0 1
84 1 0 1
85 2 0 2
93 1 0 1
98 2 0 2
106 1 0 1
113 1 0 1
114 1 0 1
126 2 0 2
135 1 0 1
141 1 0 1
151 1 0 1
154 1 0 1
155 1 0 1
156 1 0 1
168 1 0 1
170 1 0 1
180 1 0 1
189 1 0 1
210 1 0 1
248 4 0 4
254 1 0 1
269 2 0 2
285 2 0 2
314 4 0 4
329 1 0 1
335 2 0 2
351 1 0 1
353 1 0 1
369 1 0 1
379 1 0 1
408 5 0 5
418 1 0 1
488 1 0 1
507 1 0 1
522 2 0 2
524 3 0 3
566 1 0 1
629 1 0 1
713 3 0 3
717 1 0 1
744 1 0 1
773 4 0 4
788 1 0 1
801 3 0 3
851 1 0 1
872 1 0 1
908 1 0 1
909 1 0 1
946 1 0 1
962 4 0 4
980 1 0 1
987 1 0 1
1000 1 0 1
1001 1 0 1
1004 1 0 1
1006 1 0 1
1017 1 0 1
1020 2 0 2
1028 1 0 1
1044 1 0 1
1071 2 0 2
1078 3 0 3
1134 1 1 0
1144 2 0 2
1155 1 0 1
1161 1 1 0
1228 1 0 1
1232 1 0 1
1262 1 0 1
1561 2 0 2
1792 1 0 1
2000 1 0 1
2001 1 0 1
2002 1 0 1
2006 1 0 1
2008 1 1 0
2012 2 0 2
2013 1 0 1
2019 2 0 2
2022 1 0 1
2023 1 0 1
2024 6 0 6
2027 1 1 0
2030 1 0 1
2039 1 0 1
2046 1 0 1
2051 1 0 1
2056 1 0 1
2064 1 0 1
2093 1 0 1
2164 1 0 1
2384 1 0 1
2647 1 0 1
2797 1 0 1
2927 1 0 1
3001 1 0 1
3002 3 0 3
3003 1 1 0
3005 2 0 2
3014 1 0 1
3016 1 0 1
3018 1 0 1
3019 1 0 1
3025 2 0 2
3028 2 0 2
3032 1 0 1
3036 1 1 0
3054 1 0 1
3058 1 0 1
3062 1 0 1
3066 3 0 3
3069 1 0 1
3077 1 0 1
3080 1 0 1
3083 1 0 1
3084 3 0 3
3095 3 0 3
3114 1 0 1
3130 2 0 2
3135 1 0 1
3139 1 0 1
3141 1 0 1
3145 2 0 2
3161 1 0 1
3185 1 0 1
3190 1 0 1
3193 17 0 17
3208 10 2 8
3244 1 0 1
3257 1 0 1
3258 1 0 1
3266 2 0 2
3268 1 0 1
3288 5 0 5
3341 2 0 2
3342 1 0 1
3350 4 0 4
3351 3 0 3
3359 1 0 1
3369 1 0 1
3392 1 0 1
3430 1 0 1
3480 2 0 2
3522 2 0 2
3523 2 1 1
3527 2 0 2
3542 1 0 1
3552 1 0 1
3562 1 0 1
3565 1 0 1
3584 1 1 0
3613 6 0 6
3623 1 0 1
3658 24 0 24
3667 1 0 1
3849 1 0 1
3856 1 0 1
3885 1 0 1
3904 1 0 1
3920 2 1 1
3940 1 0 1
3964 1 0 1
3982 21 0 21
4000 1 0 1
4001 2 1 1
4007 1 0 1
4035 1 0 1
4060 1 0 1
4100 1 0 1
4129 1 0 1
4130 1 0 1
4149 1 0 1
4173 1 0 1
4185 1 0 1
4203 1 1 0
4204 2 0 2
4254 1 0 1
4258 2 2 0
4348 2 0 2
4377 1 0 1
4381 1 0 1
4426 37 0 37
4464 1 0 1
4469 1 0 1
4525 1 0 1
4575 1 1 0
4587 1 0 1
4649 1 0 1
4653 6 0 6
4746 1 0 1
4759 1 0 1
4898 1 0 1
4986 1 0 1
5002 1 0 1
5004 1 1 0
5007 1 0 1
5011 1 1 0
5015 1 0 1
5023 2 0 2
5047 2 0 2
5049 2 0 2
5062 2 0 2
5072 1 1 0
5104 1 0 1
5204 1 1 0
5406 1 0 1
5642 27197 78 27119
6004 1 1 0
6005 4 1 3
6009 1 1 0
6014 2 0 2
6015 1 0 1
6016 1 1 0
6017 1 1 0
6020 1 0 1
6023 1 0 1
6035 1 0 1
6037 1 0 1
6038 2 0 2
6043 1 0 1
6055 1 0 1
6067 3 0 3
6074 2 0 2
6081 2 0 2
6101 1 0 1
6102 1 0 1
6135 53 0 53
6186 1 0 1
6218 1 0 1
6262 1 0 1
6267 6 0 6
6272 1 0 1
6286 2 0 2
6290 1 0 1
6293 1 1 0
6298 1 0 1
6304 1 0 1
6313 1 1 0
6339 5 0 5
6375 1 0 1
6398 1 0 1
6405 2 0 2
6435 3 0 3
6462 1 0 1
6467 8 1 7
6556 1 0 1
6588 1 0 1
6676 1 0 1
6794 1 0 1
6824 5 0 5
6896 1 0 1
6901 1 0 1
6946 1 0 1
7000 1 0 1
7001 1 1 0
7004 1 0 1
7005 1 0 1
7011 1 1 0
7024 1 0 1
7049 1 0 1
7052 1 0 1
7069 1 0 1
7070 1 0 1
7128 1 0 1
7153 1 0 1
7164 1 0 1
7247 1 0 1
7404 1 0 1
7418 1 0 1
7476 1 0 1
7508 2 0 2
7532 1 0 1
7797 1 0 1
7804 1 0 1
7823 1 0 1
7952 1 0 1
8001 1 0 1
8004 1 1 0
8009 3 0 3
8011 1 0 1
8012 1 0 1
8013 1 0 1
8017 9 1 8
8018 4 0 4
8025 4 1 3
8039 4 0 4
8054 3 0 3
8062 6 5 1
8117 1 0 1
8125 1 0 1
8130 34 0 34
8132 2 1 1
8137 1 0 1
8139 1 0 1
8156 50 0 50
8187 3 0 3
8218 2 0 2
8233 1 0 1
8540 3 0 3
8564 1 0 1
8599 3 0 3
8797 1 0 1
8813 1 0 1
8844 1 0 1
8846 1 1 0
8886 1 0 1
8893 1 0 1
8983 1 0 1
9000 1 0 1
9004 1 0 1
9005 1 0 1
9006 8 0 8
9013 1 0 1
9018 2 1 1
9022 1 0 1
9024 1 1 0
9031 1 0 1
9032 1 0 1
9035 2 0 2
9048 1 0 1
9051 1 0 1
9052 1 0 1
9066 1 0 1
9069 4 0 4
9070 1 0 1
9073 1 0 1
9074 1 1 0
9080 1 0 1
9087 1 0 1
9094 1 0 1
9110 18 0 18
9121 1 1 0
9195 1 0 1
9205 1 0 1
9323 11 0 11
9343 1 0 1
9387 1 0 1
9395 1 0 1
9455 1 0 1
9457 4 0 4
9488 1 1 0
9514 1 0 1
9523 1 0 1
9548 1 0 1
9819 2 0 2
9860 1 0 1
9870 1 0 1
9976 1 0 1
10000 1 0 1
10001 1 0 1
10005 1 0 1
10006 6 1 5
10010 1 0 1
10014 1 0 1
10015 1 0 1
10020 1 0 1
10025 1 1 0
10042 1 0 1
10044 2 0 2
10052 2 0 2
10058 1 0 1
10065 1 0 1
10066 1 0 1
10078 2 0 2
10089 1 0 1
10091 1 0 1
10104 1 0 1
10106 1 0 1
10108 1 0 1
10133 2 0 2
10139 1 0 1
10142 1 0 1
10159 1 0 1
10163 1 0 1
10182 1 0 1
10184 2 0 2
10206 1 0 1
10222 1 0 1
10227 1 0 1
10242 1 0 1
10254 1 0 1
10257 6 0 6
10383 2 0 2
10457 1 0 1
10468 1 0 1
10485 1 0 1
10600 1 0 1
10697 1 0 1
10754 1 0 1
10902 2 0 2
10907 1 0 1
11000 1 0 1
11013 1 0 1
11015 1 0 1
11016 1 0 1
11020 1 0 1
11021 1 0 1
11034 1 0 1
11042 2 2 0
11044 1 0 1
11047 1 1 0
11050 1 0 1
11055 2 0 2
11059 3 0 3
11061 2 0 2
11065 2 0 2
11074 1 0 1
11077 1 0 1
11081 2 0 2
11083 1 0 1
11088 1 0 1
11101 1 0 1
11102 1 0 1
11127 2 0 2
11136 1 0 1
11342 2 0 2
11354 1 0 1
11726 1 0 1
11801 1 0 1
12000 1 0 1
12001 1 1 0
12002 1 0 1
12003 1 0 1
12004 1 0 1
12005 1 0 1
12008 2 0 2
12010 1 0 1
12014 1 0 1
12015 1 0 1
12019 1 0 1
12022 1 0 1
12023 1 0 1
12039 1 0 1
12048 1 0 1
12051 1 0 1
12052 1 0 1
12140 8 0 8
12232 1 0 1
12405 2 0 2
12875 1 0 1
12984 1 0 1
13000 1 0 1
13001 2 0 2
13011 1 0 1
13016 1 0 1
13045 1 0 1
13053 1 0 1
13080 1 1 0
13119 2 0 2
13127 1 1 0
13144 2 0 2
13159 1 0 1
13188 1 0 1
13197 1 0 1
13221 2 0 2
13326 1 0 1
13364 1 0 1
13402 1 0 1
13404 1 0 1
13717 3 0 3
13802 1 0 1
13865 1 0 1
14000 1 0 1
14001 1 1 0
14002 1 0 1
14004 1 1 0
14006 1 0 1
14009 1 0 1
14011 1 0 1
14013 1 0 1
14086 100 0 100
14112 1 0 1
14121 1 0 1
14139 1 0 1
14144 2 0 2
14177 1 0 1
14199 1 0 1
14215 2 0 2
14242 1 0 1
14254 1 0 1
14261 2 0 2
14266 1 0 1
14297 3 0 3
14363 6 0 6
14409 1 0 1
14469 1 0 1
14549 2 0 2
14730 1 0 1
14736 1 0 1
14738 2 0 2
14790 1 0 1
14841 1 0 1
14876 1 0 1
14957 1 0 1
15001 1 0 1
15002 1 0 1
15022 2 0 2
15028 1 0 1
15039 2 0 2
15049 1 0 1
15051 1 0 1
15053 1 1 0
15054 1 0 1
15090 1 0 1
15098 1 0 1
15114 1 0 1
15137 2 0 2
15168 1 0 1
15271 1 0 1
15331 6 0 6
15397 1 0 1
15447 3 0 3
15474 1 0 1
15493 1 0 1
15538 1 0 1
15552 1 0 1
15577 1 0 1
15594 1 0 1
15634 1 0 1
15635 1 0 1
15728 8 0 8
15830 1 0 1
15962 1 0 1
15993 1 0 1
16000 1 0 1
16001 1 0 1
16002 1 1 0
16004 1 0 1
16006 1 0 1
16015 1 0 1
16021 1 0 1
16035 1 0 1
16036 1 0 1
16134 1 0 1
16138 2 0 2
16374 1 0 1
16525 1 0 1
16526 1 1 0
16527 1 0 1
16528 1 0 1
16529 1 1 0
16531 14 0 14
16535 1 0 1
16541 1 0 1
16544 1 0 1
16553 3 0 3
16555 1 0 1
16567 1 0 1
16570 5 0 5
16615 1 0 1
16616 1 0 1
16666 1 0 1
16682 1 0 1
16731 6 0 6
16753 1 0 1
16864 1 0 1
17058 1 1 0
17061 1 1 0
17064 1 0 1
17066 1 0 1
17072 1 0 1
17073 1 0 1
17075 1 0 1
17076 12 0 12
17078 1 0 1
17082 4 0 4
17086 1 0 1
17091 1 0 1
17098 1 0 1
17099 1 0 1
17100 1 0 1
17104 3 0 3
17105 1 0 1
17120 1 0 1
17132 1 0 1
17150 1 0 1
17162 1 0 1
17168 1 0 1
17192 1 0 1
17202 1 0 1
17259 1 0 1
17264 1 0 1
17280 1 0 1
17281 1 0 1
17294 1 1 0
17295 1 1 0
17315 1 1 0
17325 1 0 1
17368 1 0 1
17370 1 0 1
17379 1 0 1
17393 1 0 1
17404 1 0 1
17462 3 0 3
17490 1 0 1
17505 1 0 1
17597 1 0 1
17714 1 0 1
17742 2 0 2
17811 1 0 1
17944 1 0 1
17945 1 0 1
18058 1 1 0
18059 1 0 1
18060 1 1 0
18062 1 0 1
18063 1 0 1
18066 1 1 0
18071 1 0 1
18072 1 1 0
18075 1 0 1
18095 1 0 1
18097 1 0 1
18101 2 0 2
18102 1 0 1
18110 1 0 1
18118 1 0 1
18121 1 1 0
18144 1 0 1
18145 1 0 1
18148 1 0 1
18149 1 0 1
18150 1 0 1
18151 1 0 1
18153 1 0 1
18155 1 0 1
18175 1 0 1
18212 1 0 1
18254 1 0 1
18434 1 0 1
18472 1 0 1
18527 1 0 1
18635 1 0 1
18656 1 0 1
18705 1 0 1
18772 1 0 1
18843 1 0 1
18861 1 0 1
19059 4 0 4
19060 1 0 1
19061 2 0 2
19063 1 0 1
19064 1 0 1
19065 2 0 2
19067 1 0 1
19069 1 0 1
19070 1 0 1
19071 1 0 1
19075 1 0 1
19076 1 0 1
19082 1 0 1
19085 1 1 0
19110 1 0 1
19118 1 0 1
19205 2 0 2
19632 1 0 1
19822 1 0 1
20058 1 0 1
20060 2 1 1
20067 1 0 1
20097 1 0 1
20103 1 0 1
20111 1 1 0
20113 1 0 1
20121 2 0 2
20139 2 0 2
20145 1 0 1
20146 1 0 1
20148 1 0 1
20162 1 0 1
20165 1 0 1
20175 1 0 1
20190 1 0 1
20191 1 0 1
20203 1 0 1
20213 5 0 5
20220 1 0 1
20226 1 0 1
20238 1 0 1
20245 1 0 1
20251 1 0 1
20276 1 0 1
20282 1 0 1
20308 1 0 1
20336 1 0 1
20449 1 0 1
20478 1 0 1
20496 2 0 2
20511 1 0 1
20512 1 0 1
20535 1 0 1
20536 1 0 1
20576 1 0 1
20589 1 0 1
20610 3 0 3
20673 1 0 1
20689 1 0 1
20702 1 0 1
20735 1 0 1
20778 1 0 1
20798 1 0 1
20821 1 0 1
20837 1 0 1
20870 1 0 1
20900 1 0 1
20913 1 0 1
21010 1 0 1
21058 1 0 1
21060 1 0 1
21064 1 0 1
21065 1 0 1
21072 1 0 1
21077 1 0 1
21078 1 0 1
21079 3 0 3
21080 1 0 1
21081 1 0 1
21083 1 0 1
21090 1 0 1
21093 1 0 1
21094 3 0 3
21096 1 0 1
21097 1 0 1
21098 1 0 1
21106 1 0 1
21114 1 0 1
21119 2 0 2
21122 1 0 1
21123 1 0 1
21130 1 0 1
21131 1 0 1
21163 1 0 1
21181 1 0 1
21182 1 0 1
21189 1 0 1
21194 1 0 1
21197 1 0 1
21202 1 0 1
21207 1 0 1
21210 1 0 1
21227 1 0 1
21245 1 0 1
21387 1 0 1
21392 1 0 1
21435 2 0 2
21490 1 0 1
21501 1 0 1
22058 1 0 1
22059 3 0 3
22065 1 1 0
22066 1 0 1
22073 1 0 1
22083 1 0 1
22084 2 0 2
22086 1 0 1
22087 1 0 1
22088 1 0 1
22100 10 0 10
22121 13 0 13
22128 1 0 1
22132 1 0 1
22141 1 0 1
22143 5 0 5
22145 1 0 1
22147 1 0 1
22164 1 0 1
22171 1 0 1
22172 1 0 1
22184 1 0 1
22193 1 0 1
22239 1 0 1
22254 1 0 1
22266 1 0 1
22277 1 0 1
22334 1 0 1
22620 6 0 6
22622 1 0 1
23011 1 0 1
23012 1 0 1
23058 1 1 0
23059 1 1 0
23060 7 0 7
23062 1 0 1
23064 1 0 1
23069 2 1 1
23071 1 0 1
23072 3 0 3
23073 1 1 0
23080 1 0 1
23089 1 0 1
23090 1 0 1
23093 1 0 1
23099 1 1 0
23103 1 0 1
23106 1 0 1
23109 1 0 1
23120 2 0 2
23128 1 0 1
23135 3 0 3
23149 1 0 1
23160 1 0 1
23164 1 0 1
23185 1 0 1
23197 2 0 2
23203 1 0 1
23273 2 0 2
23296 1 0 1
23322 1 0 1
23541 1 0 1
23607 1 0 1
23681 1 0 1
23726 1 0 1
24009 1 0 1
24058 2 0 2
24064 1 0 1
24067 1 0 1
24072 2 0 2
24083 1 0 1
24096 6 0 6
24106 1 0 1
24118 1 0 1
24119 1 0 1
24129 1 0 1
24130 1 0 1
24132 1 0 1
24136 1 0 1
24137 1 0 1
24138 1 1 0
24139 1 0 1
24152 2 0 2
24159 1 0 1
24165 1 0 1
24167 2 0 2
24179 1 0 1
24181 1 0 1
24183 4 0 4
24194 1 1 0
24205 1 0 1
24239 1 0 1
24240 1 0 1
24254 2 0 2
24313 49 0 49
24381 1 0 1
24383 1 0 1
24388 1 0 1
24402 1 0 1
24436 1 0 1
24462 1 0 1
24484 1 0 1
24495 1 0 1
24532 1 0 1
24534 1 0 1
24563 1 0 1
24615 1 0 1
24618 1 0 1
24692 1 0 1
24736 1 0 1
24778 1 0 1
24840 2 0 2
24909 1 0 1
24924 2 0 2
24954 1 0 1
25059 1 0 1
25060 1 1 0
25061 1 0 1
25063 1 0 1
25064 1 0 1
25066 1 0 1
25067 1 0 1
25069 1 0 1
25071 1 1 0
25073 1 0 1
25077 1 0 1
25079 1 0 1
25080 1 0 1
25082 1 0 1
25083 1 0 1
25086 2 0 2
25088 1 0 1
25094 1 1 0
25098 1 0 1
25105 1 1 0
25132 1 0 1
25213 1 0 1
25216 1 0 1
25221 1 0 1
25225 1 0 1
25238 1 0 1
25370 1 0 1
25403 1 0 1
25524 1 0 1
25696 2 0 2
25852 1 0 1
25891 2 0 2
25953 1 0 1
26029 1 0 1
26057 1 0 1
26058 1 0 1
26060 1 1 0
26063 1 0 1
26081 2 0 2
26082 1 0 1
26083 1 0 1
26084 1 0 1
26092 1 0 1
26103 1 0 1
26131 1 0 1
26142 1 0 1
26150 2 0 2
26154 1 0 1
26220 1 0 1
26234 1 0 1
26283 2 0 2
26290 2 0 2
26302 1 0 1
26310 1 0 1
26337 1 0 1
26390 4 0 4
26419 1 0 1
26482 1 0 1
26563 1 0 1
26583 1 0 1
26706 1 0 1
26744 1 0 1
26754 1 0 1
26771 1 0 1
26795 1 0 1
26883 1 0 1
26903 1 0 1
27021 1 0 1
27058 1 0 1
27059 3 1 2
27060 1 0 1
27063 1 0 1
27064 1 1 0
27065 1 0 1
27067 1 0 1
27068 1 0 1
27069 1 0 1
27071 28 2 26
27072 2 1 1
27073 1 1 0
27086 1 0 1
27091 1 0 1
27102 1 0 1
27116 4 0 4
27117 10 0 10
27118 1 0 1
27129 1 0 1
27132 6 0 6
27148 4 0 4
27151 1 0 1
27161 1 0 1
27174 2 0 2
27191 1 0 1
27193 1 0 1
27273 1 0 1
27362 10 0 10
27396 1 0 1
27401 1 0 1
27411 1 0 1
27418 1 0 1
27421 1 0 1
27490 3 0 3
27517 1 0 1
27871 1 0 1
27876 1 0 1
27900 1 0 1
27987 1 0 1
28058 1 0 1
28059 1 0 1
28060 1 0 1
28061 3 0 3
28079 1 0 1
28080 1 0 1
28085 1 0 1
28086 1 0 1
28216 1 0 1
28280 1 0 1
28412 1 0 1
28439 3 0 3
28826 1 0 1
28979 1 0 1
29020 1 0 1
