precision of query0:	0	0	0	0	0	0	0	0	0	0	0	0	0	0	0	0	
precision of query1:	0	0.5	0.333333333333333	0.25	0.2	0.333333333333333	0.285714285714286	0.25	0.222222222222222	0.2	0.181818181818182	0.166666666666667	0.153846153846154	0.214285714285714	0.266666666666667	0.25	
precision of query2:	1	1	0.666666666666667	0.5	0.4	0.333333333333333	0.285714285714286	0.375	0.444444444444444	0.4	0.363636363636364	0.333333333333333	0.307692307692308	0.285714285714286	0.266666666666667	0.3125	
precision of query3:	0	0	0	0.25	0.2	0.166666666666667	0.142857142857143	0.125	0.222222222222222	0.2	0.181818181818182	0.166666666666667	0.153846153846154	0.142857142857143	0.133333333333333	0.125	
precision of query4:	0	0	0	0	0	0	0	0	0	0	0	0	0	0	0	0	
precision of query5:	0	0	0	0	0	0	0	0	0	0	0	0	0	0.0714285714285714	0.0666666666666667	0.0625	
precision of query6:	0	0.5	0.333333333333333	0.25	0.2	0.333333333333333	0.285714285714286	0.25	0.222222222222222	0.2	0.181818181818182	0.166666666666667	0.153846153846154	0.214285714285714	0.2	0.1875	
precision of query7:	0	0	0	0	0	0.166666666666667	0.142857142857143	0.125	0.111111111111111	0.1	0.0909090909090909	0.0833333333333333	0.0769230769230769	0.0714285714285714	0.0666666666666667	0.0625	
precision of query8:	1	0.5	0.666666666666667	0.5	0.4	0.333333333333333	0.285714285714286	0.25	0.222222222222222	0.2	0.181818181818182	0.166666666666667	0.153846153846154	0.142857142857143	0.133333333333333	0.125	
precision of query9:	1	0.5	0.333333333333333	0.5	0.4	0.333333333333333	0.285714285714286	0.25	0.222222222222222	0.2	0.181818181818182	0.166666666666667	0.153846153846154	0.214285714285714	0.266666666666667	0.25	
precision:	0.3	0.3	0.233333333333333	0.225	0.18	0.2	0.171428571428571	0.1625	0.166666666666667	0.15	0.136363636363636	0.125	0.115384615384615	0.135714285714286	0.14	0.1375	

Map of query0:	0
Map of query1:	0.218708268346781
Map of query2:	0.224183056058247
Map of query3:	0.1148533647109
Map of query4:	0.00134589502018843
Map of query5:	0.0381775780708477
Map of query6:	0.214286879990674
Map of query7:	0.0677326146387588
Map of query8:	0.601010101010101
Map of query9:	0.309258364794574
MAP:	0.178955612264107

NDCG of query0:	0	0	0	0	0	0	0	0	0	0	0	0	0	0	0	0	
NDCG of query1:	0	0.5	0.380093766715934	0.319393943239799	0.280772188866144	0.351238993612309	0.322174289167444	0.299019602217488	0.279976328229487	0.263936484114293	0.250173710183968	0.238188452258338	0.227623812520696	0.259543843765131	0.288210568805937	0.277709331698835	
NDCG of query2:	1	1	0.760187533431869	0.638787886479598	0.561544377732289	0.506526708213106	0.464612087868036	0.503090451657529	0.534736486252469	0.504101432437613	0.477815433835057	0.454924374614051	0.434746603273328	0.416779807578622	0.400644197055551	0.422482318482927	
NDCG of query3:	0	0	0	0.1596969716199	0.140386094433072	0.126631677053277	0.116153021967009	0.107805096783756	0.164625157631431	0.164625157631431	0.164625157631431	0.164625157631431	0.164625157631431	0.164625157631431	0.164625157631431	0.164625157631431	
NDCG of query4:	0	0	0	0	0	0	0	0	0	0	0	0	0	0	0	0	
NDCG of query5:	0	0	0	0	0	0	0	0	0	0	0	0	0	0.0499856902407718	0.0499856902407718	0.0499856902407718	
NDCG of query6:	0	0.5	0.380093766715934	0.319393943239799	0.280772188866144	0.389389698322399	0.389389698322399	0.389389698322399	0.389389698322399	0.389389698322399	0.389389698322399	0.389389698322399	0.389389698322399	0.463134383179467	0.463134383179467	0.463134383179467	
NDCG of query7:	0	0	0	0	0	0.0979756395057558	0.0898682452334257	0.0834094086499751	0.0780974217089206	0.0736232203436435	0.0736232203436435	0.0736232203436435	0.0736232203436435	0.0736232203436435	0.0736232203436435	0.0736232203436435	
NDCG of query8:	1	0.5	0.619906233284066	0.619906233284066	0.619906233284066	0.619906233284066	0.619906233284066	0.619906233284066	0.619906233284066	0.619906233284066	0.619906233284066	0.619906233284066	0.619906233284066	0.619906233284066	0.619906233284066	0.619906233284066	
NDCG of query9:	1	0.5	0.380093766715934	0.479090914859699	0.421158283299217	0.37989503115983	0.348459065901027	0.323415290351269	0.302818359780849	0.302818359780849	0.302818359780849	0.302818359780849	0.302818359780849	0.355841760712293	0.407514286876062	0.407514286876062	
NDCG:	0.3	0.3	0.252037506686374	0.253626989272286	0.230453936648093	0.247156398115074	0.235056264174341	0.232603578126648	0.236954968520962	0.231840058591429	0.227835181338141	0.224347549623478	0.221273308515641	0.240344009673542	0.246764373741693	0.24789806217372	

