precision of query0:	0	0	0	0	0	0	0	0	0	0	
precision of query1:	0	0	0	0	0	0	0	0	0	0	
precision of query2:	0	0	0	0	0	0	0	0	0.111111111111111	0.1	
precision of query3:	0	0	0	0	0	0	0	0	0	0	
precision of query4:	0	0	0	0	0	0	0	0	0	0	
precision of query5:	0	0	0	0	0	0	0	0	0	0	
precision of query6:	0	0	0	0.25	0.2	0.166666666666667	0.142857142857143	0.125	0.111111111111111	0.1	
precision of query7:	0	0	0	0	0	0	0	0	0	0	
precision of query8:	0	0	0	0	0	0	0	0	0	0	
precision of query9:	0	0	0	0	0	0	0	0	0	0	
precision:	0	0	0	0.025	0.02	0.0166666666666667	0.0142857142857143	0.0125	0.0222222222222222	0.02	

Map of query0:	0.027567684240875
Map of query1:	0.00816738006765908
Map of query2:	0.058641975308642
Map of query3:	0.00744880865073194
Map of query4:	0.0145516400715453
Map of query5:	0.00704030084035902
Map of query6:	0.0352069848057405
Map of query7:	0.00508367651083916
Map of query8:	0.0164626361258962
Map of query9:	0.026425936093748
MAP:	0.0206597022716036

NDCG of query0:	0	0	0	0	0	0	0	0	0	0	
NDCG of query1:	0	0	0	0	0	0	0	0	0	0	
NDCG of query2:	0	0	0	0	0	0	0	0	0.157732438392864	0.157732438392864	
NDCG of query3:	0	0	0	0	0	0	0	0	0	0	
NDCG of query4:	0	0	0	0	0	0	0	0	0	0	
NDCG of query5:	0	0	0	0	0	0	0	0	0	0	
NDCG of query6:	0	0	0	0.1596969716199	0.140386094433072	0.126631677053277	0.116153021967009	0.107805096783756	0.100939453260283	0.0951566318853246	
NDCG of query7:	0	0	0	0	0	0	0	0	0	0	
NDCG of query8:	0	0	0	0	0	0	0	0	0	0	
NDCG of query9:	0	0	0	0	0	0	0	0	0	0	
NDCG:	0	0	0	0.01596969716199	0.0140386094433072	0.0126631677053277	0.0116153021967009	0.0107805096783756	0.0258671891653147	0.0252889070278189	

